Scan	ContainScans	BasePeak	MaxIntensity	RT	MostIntenseMass2Charge	CumulativeIntensity	TotalScans
1	458	430.88818359375	35438	0.00508833333333333	430.888671875	55140	110
2	566	430.888946533203	34902	0.0139683333333333	430.889068603516	114145	144
3	475	430.889251708984	55613	0.0244583333333333	430.889068603516	203639	184
6	394	430.888732910156	37231	0.04226	430.889007568359	264333	237
7	525	430.889190673828	35809	0.0520233333333333	430.889221191406	323364	274
8	478	430.888641357422	48109	0.0621916666666667	430.888854980469	398521	319
9	536	430.888885498047	49563	0.0726266666666667	430.888946533203	476905	357
10	542	430.888916015625	34254	0.0830666666666667	430.889007568359	531543	392
12	465	430.889038085938	33438	0.09705	430.889190673828	582572	423
13	524	430.888824462891	40806	0.107005	430.889129638672	647322	461
16	373	430.888732910156	34057	0.12474	430.888946533203	701576	503
17	470	430.889068603516	37506	0.134413333333333	430.88916015625	762196	538
18	419	430.888854980469	36264	0.144895	430.889129638672	819152	575
19	424	430.888641357422	44590	0.155443333333333	430.888885498047	888492	631
20	515	430.888641357422	40463	0.165415	430.888854980469	951693	697
21	449	430.888977050781	42533	0.175516666666667	430.889099121094	1016143	737
22	493	430.889038085938	64469	0.185908333333333	430.889221191406	1112227	777
23	481	430.888885498047	50174	0.196446666666667	430.889129638672	1188095	834
24	451	430.888641357422	54433	0.206575	430.889007568359	1273337	907
25	446	430.889068603516	56412	0.21636	430.888916015625	1363025	982
26	401	430.889068603516	51672	0.226153333333333	430.889099121094	1442414	1024
27	454	430.888854980469	56415	0.236686666666667	430.889129638672	1531412	1078
28	521	430.888793945313	59747	0.24713	430.889068603516	1622069	1141
30	405	430.889251708984	58769	0.260786666666667	430.889221191406	1715439	1195
31	487	430.888793945313	49559	0.270425	430.889221191406	1796923	1235
33	488	430.889099121094	51439	0.284901666666667	430.889404296875	1875977	1279
34	351	430.88916015625	50588	0.294858333333333	430.88916015625	1961699	1361
36	446	430.888824462891	49691	0.308235	430.889312744141	2038402	1403
37	493	430.888885498047	50795	0.318188333333333	430.889129638672	2120163	1474
38	508	430.889282226563	50072	0.32814	430.889251708984	2197044	1514
39	485	430.888793945313	54247	0.338713333333333	430.889129638672	2281831	1582
40	477	430.889129638672	52695	0.348766666666667	430.889404296875	2361371	1622
41	539	430.889404296875	71281	0.359156666666667	430.889343261719	2472816	1663
42	426	430.889587402344	51134	0.369651666666667	430.889556884766	2554224	1709
44	425	430.888885498047	46439	0.384041666666667	430.889312744141	2628153	1766
45	467	430.889862060547	47299	0.393558333333333	430.889770507813	2704197	1807
46	460	430.889801025391	53019	0.404045	430.889801025391	2787258	1847
47	470	430.88916015625	74526	0.414601666666667	430.889343261719	2902154	1889
48	472	430.889251708984	57754	0.42502	430.889617919922	2995358	1937
49	485	430.889099121094	49350	0.435515	430.889373779297	3072955	1980
50	524	430.888854980469	49321	0.446003333333333	430.889251708984	3151009	2023
51	430	430.889343261719	46571	0.45654	430.889373779297	3224687	2069
52	386	430.88916015625	43324	0.466986666666667	430.889465332031	3293850	2108
53	515	430.88916015625	48035	0.477468333333333	430.889434814453	3367922	2144
54	438	430.889434814453	53280	0.487956666666667	430.889221191406	3450989	2185
56	511	430.888763427734	53155	0.502043333333333	430.889251708984	3533607	2229
57	451	430.888824462891	58743	0.512011666666667	430.889038085938	3621881	2269
58	459	430.888549804688	57230	0.52259	430.888946533203	3710025	2331
59	474	430.888946533203	65738	0.532468333333333	430.889373779297	3808621	2374
60	469	430.888854980469	53196	0.542911666666667	430.888763427734	3894734	2412
61	515	430.889373779297	54499	0.553405	430.889282226563	3980728	2458
62	459	430.888641357422	54156	0.563895	430.888885498047	4061591	2505
63	556	430.889373779297	56084	0.574378333333333	430.889282226563	4151864	2546
64	434	430.888977050781	58529	0.585145	430.889038085938	4244778	2597
65	425	430.888885498047	60271	0.595045	430.888854980469	4336725	2656
66	402	430.888977050781	61720	0.605208333333333	430.88916015625	4433790	2710
67	432	430.888549804688	54740	0.615741666666667	430.888763427734	4522004	2755
68	563	430.889038085938	57550	0.625958333333333	430.889038085938	4609659	2798
69	472	430.888671875	56991	0.636461666666667	430.889038085938	4701228	2844
70	387	430.888732910156	71211	0.646953333333333	430.888671875	4817333	2928
71	514	430.888702392578	62501	0.656406666666667	430.888977050781	4915562	2972
72	471	430.888549804688	66069	0.666853333333333	430.888641357422	5022668	3032
73	450	430.888854980469	63558	0.676995	430.888885498047	5118310	3075
74	531	430.888763427734	77471	0.687501666666667	430.889068603516	5231326	3120
75	461	430.888916015625	70176	0.698106666666667	430.889068603516	5340160	3164
76	391	430.888763427734	57705	0.708471666666667	430.888763427734	5428434	3206
77	484	430.888885498047	60826	0.71897	430.888854980469	5527231	3249
78	472	430.888610839844	55217	0.729441666666667	430.888916015625	5614361	3291
79	482	430.888977050781	64634	0.739983333333333	430.88916015625	5713352	3341
80	477	430.888763427734	60465	0.750736666666667	430.88916015625	5807498	3384
81	444	430.888702392578	56932	0.760918333333333	430.889099121094	5894378	3424
82	493	430.888977050781	57789	0.77141	430.888977050781	5989253	3468
83	436	430.888854980469	56856	0.781971666666667	430.889099121094	6077026	3511
84	448	430.889129638672	52042	0.792411666666667	430.889282226563	6157381	3554
85	593	430.888854980469	60080	0.802886666666667	430.889038085938	6247561	3595
86	444	430.888885498047	49603	0.81338	430.889190673828	6323343	3633
87	437	430.889282226563	51851	0.823908333333333	430.889221191406	6406425	3676
88	458	430.88916015625	83129	0.834365	430.889373779297	6528365	3718
89	474	430.889068603516	71442	0.844865	430.889465332031	6639367	3760
91	436	430.8896484375	81003	0.859086666666667	430.889556884766	6767626	3806
92	400	430.888793945313	65102	0.869168333333333	430.88916015625	6866489	3863
93	461	430.889465332031	55405	0.879228333333333	430.889495849609	6956397	3908
94	443	430.889068603516	88399	0.889718333333333	430.889343261719	7095183	3949
95	406	430.889007568359	65166	0.900258333333333	430.889373779297	7192754	3994
96	504	430.888824462891	53924	0.9107	430.889068603516	7274648	4037
97	410	430.888854980469	54834	0.921205	430.889129638672	7357807	4077
99	481	430.889221191406	50301	0.935285	430.889282226563	7438543	4121
100	476	430.888763427734	56160	0.945245	430.889221191406	7522790	4162
101	491	430.888854980469	49282	0.955726666666667	430.889068603516	7601158	4203
102	431	430.889373779297	43682	0.966216666666667	430.889404296875	7667935	4241
103	448	430.888916015625	49888	0.976781666666667	430.888885498047	7747473	4281
104	478	430.888946533203	50419	0.987208333333333	430.889282226563	7824350	4329
105	451	430.888977050781	48100	0.9977	430.888916015625	7900588	4377
106	503	430.889007568359	58638	1.00819166666667	430.889282226563	7991532	4421
107	523	430.888916015625	54445	1.01879666666667	430.889068603516	8079487	4460
108	471	430.889343261719	58231	1.02918666666667	430.889312744141	8170467	4500
110	480	430.888885498047	49152	1.04325333333333	430.889221191406	8243722	4538
111	434	430.889038085938	67995	1.053255	430.889282226563	8350108	4586
112	442	430.889404296875	66866	1.06369833333333	430.889404296875	8451006	4634
113	505	430.889190673828	72722	1.07419333333333	430.889404296875	8568090	4685
114	516	430.889282226563	55390	1.0847	430.889373779297	8652641	4728
115	488	430.889251708984	60829	1.09523166666667	430.889251708984	8750619	4772
116	449	430.889251708984	59647	1.105665	430.889373779297	8846033	4814
117	466	430.888824462891	55137	1.11648	430.888885498047	8933874	4858
118	512	430.888854980469	56919	1.12664333333333	430.88916015625	9021426	4903
119	503	430.889221191406	50852	1.1372	430.889373779297	9101866	4948
120	447	430.889312744141	45435	1.14763666666667	430.889343261719	9175881	4987
121	540	430.889068603516	56589	1.15815166666667	430.88916015625	9266691	5031
122	541	430.889190673828	53517	1.16861166666667	430.889282226563	9351882	5081
123	400	430.889282226563	64791	1.17917166666667	430.889251708984	9452497	5126
124	422	430.888549804688	60827	1.18960333333333	430.888671875	9546260	5187
125	386	430.888763427734	60989	1.19960666666667	430.888732910156	9640936	5234
126	380	430.889251708984	55371	1.21022833333333	430.889343261719	9729150	5277
127	462	430.888916015625	50983	1.22063666666667	430.889282226563	9810454	5325
128	472	430.889221191406	60311	1.231115	430.889251708984	9905154	5371
129	414	430.888793945313	64369	1.24159833333333	430.888946533203	10005291	5419
130	413	430.889190673828	66019	1.25195833333333	430.889556884766	10107176	5466
131	404	430.889221191406	70792	1.262525	430.889282226563	10222695	5515
132	383	430.888946533203	65454	1.27295	430.888946533203	10326680	5560
133	432	430.888977050781	58702	1.28377	430.889129638672	10417679	5608
134	421	430.889007568359	57999	1.29393	430.889312744141	10505715	5650
135	484	430.889251708984	61820	1.30447	430.88916015625	10604140	5699
136	473	430.889221191406	54415	1.31490333333333	430.889373779297	10692162	5740
137	499	430.88916015625	68657	1.32539333333333	430.889373779297	10800612	5789
139	476	430.889221191406	73770	1.339485	430.889312744141	10912732	5833
140	517	430.889221191406	73968	1.34978333333333	430.889282226563	11030446	5886
141	439	430.889282226563	67929	1.359925	430.889373779297	11142904	5930
142	500	430.889343261719	83654	1.37045166666667	430.889343261719	11272860	5979
144	438	430.888916015625	71968	1.38492333333333	430.888916015625	11386461	6024
145	528	430.889282226563	73729	1.39487166666667	430.889312744141	11501688	6074
146	446	430.889099121094	67805	1.40537666666667	430.889038085938	11606273	6120
147	491	430.889068603516	74509	1.41593166666667	430.889099121094	11720891	6172
148	497	430.889099121094	71061	1.42635166666667	430.889129638672	11831835	6221
149	487	430.88916015625	61808	1.43685	430.889190673828	11933265	6270
150	441	430.889099121094	78461	1.44735	430.889129638672	12055737	6312
151	479	430.888977050781	65292	1.45787666666667	430.888977050781	12158837	6362
153	447	430.889190673828	64532	1.471855	430.889221191406	12257651	6405
154	369	430.889251708984	68467	1.481815	430.889312744141	12361598	6447
156	470	430.889129638672	59064	1.495875	430.889190673828	12452561	6492
158	417	430.889099121094	66296	1.50935666666667	430.88916015625	12556811	6534
159	477	430.889007568359	63538	1.51933	430.889068603516	12658879	6580
160	387	430.889068603516	60414	1.52984666666667	430.889129638672	12751099	6624
161	475	430.888916015625	49906	1.54030666666667	430.888885498047	12830444	6667
162	475	430.889099121094	51357	1.55090333333333	430.889068603516	12915324	6710
164	386	430.889190673828	84068	1.56485666666667	430.889221191406	13043924	6758
165	435	430.888732910156	77037	1.57483166666667	430.889068603516	13167642	6816
166	500	430.88916015625	59115	1.58532333333333	430.88916015625	13264951	6864
167	435	430.889038085938	56967	1.59582	430.889068603516	13352088	6909
168	492	430.889221191406	55458	1.60633166666667	430.889221191406	13438994	6954
169	471	430.889221191406	54475	1.616775	430.889190673828	13522552	7003
170	469	430.889099121094	61911	1.627275	430.889129638672	13618789	7053
171	487	430.88916015625	69828	1.63778666666667	430.889129638672	13726636	7095
172	449	430.889129638672	59678	1.64831	430.889190673828	13825191	7146
173	435	430.889251708984	54073	1.658745	430.889221191406	13911386	7196
174	479	430.88916015625	65333	1.66923666666667	430.889221191406	14009972	7239
175	443	430.889007568359	49138	1.67973	430.889373779297	14088026	7285
177	390	430.888946533203	61254	1.69395833333333	430.889404296875	14182360	7331
178	441	430.889251708984	72870	1.70392666666667	430.889312744141	14291475	7374
179	523	430.888977050781	61107	1.71441333333333	430.888946533203	14388672	7417
180	387	430.888946533203	74407	1.72506666666667	430.889221191406	14512812	7464
181	466	430.889312744141	56525	1.73539666666667	430.889373779297	14603526	7510
182	412	430.889099121094	69135	1.745885	430.889129638672	14710906	7555
183	496	430.888977050781	60600	1.75636666666667	430.88916015625	14802490	7602
185	435	430.889373779297	60442	1.77044833333333	430.889404296875	14896131	7646
186	413	430.889068603516	61126	1.78041666666667	430.889282226563	14988385	7691
187	516	430.889038085938	62548	1.79089166666667	430.889038085938	15084921	7740
188	450	430.889007568359	71020	1.80147833333333	430.889068603516	15196472	7788
189	452	430.889038085938	64248	1.81187166666667	430.889038085938	15299887	7836
190	449	430.889282226563	60417	1.822365	430.889251708984	15397518	7886
191	445	430.88916015625	75676	1.83286666666667	430.889251708984	15521171	7939
192	438	430.88916015625	73323	1.843425	430.889282226563	15636910	7991
193	510	430.889221191406	100573	1.85385166666667	430.889251708984	15798820	8057
194	438	430.889190673828	98120	1.86434	430.88916015625	15950761	8114
195	463	430.888366699219	82503	1.87486	430.888641357422	16086235	8237
196	472	430.888793945313	86236	1.88432833333333	430.889007568359	16217460	8330
197	426	430.889434814453	77081	1.89363833333333	430.889434814453	16341504	8381
199	411	430.888549804688	66142	1.9077	430.888824462891	16444419	8489
200	446	430.888793945313	66039	1.916865	430.888916015625	16546119	8639
201	502	430.888732910156	57712	1.92565833333333	430.888916015625	16636811	8773
202	491	430.889038085938	62641	1.93494333333333	430.889038085938	16740899	8820
203	474	430.889251708984	54752	1.945415	430.889404296875	16825880	8863
204	687	430.888885498047	49539	1.95595666666667	430.889282226563	16897676	9068
205	516	430.888793945313	45541	1.96533333333333	430.889129638672	16971698	9235
206	447	430.888885498047	66408	1.97471	430.888916015625	17075040	9380
207	537	430.888732910156	81303	1.98424666666667	430.888671875	17202031	9444
208	516	430.889282226563	49377	1.99394	430.8896484375	17280053	9483
209	540	430.888977050781	47704	2.00437166666667	430.88916015625	17354687	9639
210	528	430.88916015625	46423	2.01373666666667	430.889251708984	17425540	9816
211	542	430.889892578125	40729	2.02316833333333	430.890014648438	17488960	9877
215	662	430.888793945313	36622	2.04448666666667	430.889068603516	17547714	10078
216	598	430.88916015625	40268	2.05327166666667	430.889099121094	17612534	10251
217	420	430.888366699219	54087	2.06270833333333	430.888580322266	17699317	10332
218	524	430.889312744141	45939	2.07209333333333	430.889526367188	17776118	10375
219	425	430.889038085938	55898	2.08252666666667	430.889251708984	17861936	10421
220	562	430.889221191406	52538	2.09304	430.889434814453	17941524	10466
221	467	430.888977050781	55291	2.10351833333333	430.889373779297	18026978	10504
222	427	430.889282226563	45695	2.114065	430.889434814453	18099975	10541
223	592	430.889678955078	36635	2.12451	430.889678955078	18157047	10584
224	406	430.889251708984	51351	2.13500833333333	430.889251708984	18234459	10630
225	474	430.889129638672	56659	2.145505	430.889129638672	18327925	10688
226	511	430.88916015625	78410	2.15603	430.88916015625	18446385	10733
227	445	430.889038085938	55306	2.16647666666667	430.889190673828	18536100	10775
228	410	430.889068603516	56331	2.17695166666667	430.88916015625	18624668	10816
229	434	430.889373779297	56369	2.18745833333333	430.889312744141	18711439	10858
230	464	430.888824462891	51504	2.19798833333333	430.88916015625	18789626	10905
231	492	430.889129638672	68998	2.20843666666667	430.889129638672	18900491	10951
232	451	430.888946533203	51125	2.21892833333333	430.88916015625	18981101	10994
233	431	430.889007568359	65104	2.229505	430.888916015625	19081420	11035
234	565	430.888793945313	36084	2.23994833333333	430.888854980469	19136112	11230
235	667	430.889068603516	35480	2.249435	430.889099121094	19192837	11444
236	643	430.888885498047	31326	2.258975	430.889007568359	19241272	11647
237	701	430.888641357422	30481	2.26847833333333	430.889129638672	19288955	11836
238	538	430.888549804688	37869	2.27808833333333	430.888977050781	19345187	12008
239	735	430.888641357422	25488	2.28757666666667	430.889038085938	19389814	12203
240	662	430.888641357422	32772	2.29717666666667	430.889007568359	19443062	12389
241	612	430.888977050781	30186	2.30667	430.889099121094	19491623	12544
243	659	430.888793945313	33076	2.31988166666667	430.889221191406	19542923	12710
244	644	430.88916015625	27664	2.32893166666667	430.889068603516	19588429	12892
245	610	430.888885498047	26069	2.33849833333333	430.889190673828	19628994	13062
246	752	430.888732910156	24598	2.348095	430.889007568359	19670397	13229
247	676	430.888641357422	23287	2.35777666666667	430.889038085938	19708615	13413
250	651	430.888732910156	28430	2.37455333333333	430.889099121094	19753774	13602
253	456	430.889221191406	50900	2.391125	430.889221191406	19832975	13653
254	485	430.889129638672	48131	2.401185	430.889099121094	19906955	13699
256	438	430.889129638672	43519	2.41508666666667	430.889190673828	19974866	13742
257	574	430.888885498047	30029	2.42512	430.888946533203	20023961	13928
258	580	430.88916015625	30638	2.43456833333333	430.889129638672	20072005	14101
259	544	430.888641357422	34709	2.44409833333333	430.889099121094	20128398	14265
260	533	430.888885498047	48567	2.453665	430.888916015625	20203658	14427
262	602	430.888732910156	42863	2.46680833333333	430.888854980469	20269746	14593
263	491	430.889190673828	62398	2.47582666666667	430.889129638672	20369132	14637
264	440	430.889343261719	76641	2.486315	430.889312744141	20489629	14684
265	478	430.889556884766	54366	2.49684666666667	430.889556884766	20574752	14720
266	670	430.888732910156	34723	2.50728666666667	430.889221191406	20633241	14892
267	730	430.888641357422	47818	2.51716	430.889007568359	20707816	15083
269	614	430.888885498047	36149	2.52997	430.888916015625	20764321	15249
270	656	430.888458251953	49734	2.53908	430.888916015625	20841610	15425
272	642	430.888793945313	38633	2.55230833333333	430.888946533203	20901392	15579
274	498	430.888885498047	33053	2.564995	430.889007568359	20953311	15737
275	646	430.88916015625	33051	2.57414	430.889099121094	21007424	15905
277	482	430.888641357422	32087	2.58715833333333	430.888946533203	21056683	16034
280	596	430.888977050781	49324	2.60345	430.889068603516	21131266	16211
281	648	430.888885498047	58986	2.61245833333333	430.888977050781	21221223	16392
283	622	430.888793945313	43350	2.62558	430.889282226563	21287596	16561
284	590	430.888793945313	44732	2.63473166666667	430.889373779297	21358490	16711
285	590	430.889434814453	32167	2.64418166666667	430.889343261719	21412267	16880
286	573	430.888793945313	34160	2.65374	430.889190673828	21466386	17035
288	573	430.88916015625	40819	2.66680333333333	430.889343261719	21534091	17194
289	670	430.889434814453	49541	2.675915	430.889404296875	21608565	17369
290	559	430.888977050781	33718	2.68539833333333	430.889312744141	21658812	17521
291	597	430.888793945313	32643	2.69497	430.889282226563	21710874	17692
292	696	430.888885498047	31452	2.704475	430.889221191406	21763992	17863
295	640	430.889343261719	30642	2.72149	430.889221191406	21814598	18050
296	748	430.88916015625	35185	2.73045	430.889251708984	21869575	18206
297	562	430.889068603516	30045	2.74007833333333	430.889190673828	21916395	18350
298	683	430.888732910156	31062	2.74990166666667	430.889221191406	21964778	18520
299	655	430.889251708984	31118	2.759065	430.889282226563	22013807	18722
300	694	430.889343261719	33097	2.76859666666667	430.889434814453	22064401	18894
301	693	430.888793945313	52382	2.77814166666667	430.889312744141	22143315	19084
302	551	430.888977050781	33182	2.78770333333333	430.889312744141	22195114	19240
303	575	430.889068603516	33720	2.79718333333333	430.889312744141	22246674	19384
304	632	430.888977050781	35061	2.806765	430.889526367188	22297745	19566
305	637	430.888977050781	33018	2.81663666666667	430.889465332031	22349461	19709
306	585	430.889251708984	33567	2.82598166666667	430.889251708984	22407495	19852
307	600	430.889068603516	37405	2.83554833333333	430.88916015625	22463597	20014
308	742	430.888885498047	41815	2.845215	430.888977050781	22531008	20172
309	586	430.88916015625	44329	2.854795	430.88916015625	22595779	20338
310	617	430.889068603516	29584	2.86439166666667	430.889068603516	22644696	20475
312	731	430.888732910156	31925	2.87738	430.88916015625	22694199	20657
313	575	430.889251708984	35056	2.88642333333333	430.889404296875	22747774	20805
315	679	430.888977050781	35514	2.899605	430.889282226563	22803460	20962
316	598	430.888977050781	38337	2.908685	430.889007568359	22862057	21122
317	576	430.888885498047	36157	2.91848333333333	430.889129638672	22917830	21278
318	625	430.888977050781	34673	2.92769833333333	430.88916015625	22971981	21423
319	679	430.888793945313	40637	2.937375	430.889129638672	23034797	21591
320	642	430.888793945313	33436	2.946925	430.889190673828	23089107	21766
322	591	430.888885498047	32621	2.960055	430.889007568359	23138747	21907
323	644	430.888977050781	31029	2.96911166666667	430.888977050781	23189119	22056
324	657	430.889251708984	28614	2.97873666666667	430.889373779297	23236717	22210
325	597	430.88916015625	39767	2.98827833333333	430.889068603516	23301637	22382
326	632	430.888732910156	38329	2.99782666666667	430.889007568359	23361819	22575
328	696	430.888885498047	33277	3.01098166666667	430.888885498047	23414660	22716
329	527	430.888732910156	32792	3.02008833333333	430.888916015625	23465166	22872
330	594	430.888549804688	39234	3.02961833333333	430.888885498047	23526192	23058
332	836	430.889251708984	39712	3.04269333333333	430.88916015625	23588566	23261
334	531	430.889617919922	62757	3.055355	430.889556884766	23686870	23316
335	577	430.889099121094	67756	3.065325	430.889099121094	23793068	23379
337	430	430.889099121094	69999	3.079415	430.889129638672	23905081	23450
338	499	430.88916015625	84648	3.08942	430.889129638672	24041021	23517
339	544	430.88916015625	72086	3.099875	430.889099121094	24153516	23585
340	516	430.88916015625	82134	3.11035833333333	430.889129638672	24283963	23657
341	572	430.888885498047	55175	3.12086666666667	430.888977050781	24369199	23915
343	523	430.888458251953	60253	3.13365666666667	430.888885498047	24465042	24051
344	561	430.888793945313	48215	3.142595	430.889099121094	24540225	24189
345	698	430.888885498047	52571	3.15206166666667	430.889099121094	24622600	24372
347	615	430.888977050781	48124	3.165055	430.889038085938	24696893	24528
349	512	430.888885498047	48013	3.17754	430.888977050781	24771185	24675
350	497	430.888732910156	57504	3.18642166666667	430.889129638672	24861253	24819
351	589	430.888885498047	45454	3.19587333333333	430.889007568359	24930637	24992
353	634	430.888977050781	45253	3.20900333333333	430.889068603516	24997955	25158
355	491	430.888732910156	42557	3.22165333333333	430.889282226563	25063545	25316
356	602	430.889251708984	37479	3.23070666666667	430.889343261719	25119444	25459
358	702	430.889434814453	41969	3.24394333333333	430.889373779297	25184029	25635
360	562	430.889434814453	45586	3.25654833333333	430.889312744141	25257637	25782
361	548	430.889068603516	79298	3.265485	430.889282226563	25378541	25942
362	704	430.889434814453	55533	3.27505833333333	430.889373779297	25463853	26129
363	668	430.888793945313	48905	3.28474333333333	430.889312744141	25536924	26267
364	611	430.888732910156	40446	3.29384833333333	430.88916015625	25604824	26430
365	605	430.889251708984	46149	3.30325333333333	430.889465332031	25677885	26576
366	626	430.889343261719	46674	3.31279	430.889434814453	25750173	26743
367	554	430.888885498047	49972	3.32225833333333	430.889343261719	25823597	26886
368	536	430.889343261719	42709	3.33171666666667	430.889404296875	25890451	27024
369	543	430.889251708984	59184	3.34125666666667	430.889495849609	25984795	27185
370	546	430.889434814453	50412	3.35108666666667	430.889526367188	26062989	27345
371	708	430.888977050781	42031	3.360135	430.889282226563	26130312	27502
372	618	430.888885498047	49080	3.36965333333333	430.889221191406	26205660	27668
373	585	430.889251708984	48166	3.37914333333333	430.889221191406	26279431	27826
374	677	430.889251708984	55141	3.38869666666667	430.889465332031	26363645	28002
375	631	430.889251708984	43190	3.39825	430.889587402344	26432270	28166
376	677	430.88916015625	48975	3.40774833333333	430.889526367188	26510284	28352
377	591	430.888977050781	49999	3.41757833333333	430.889404296875	26592921	28530
378	640	430.889434814453	53243	3.42661	430.889495849609	26676084	28734
379	596	430.889434814453	48827	3.43588666666667	430.889434814453	26750447	28902
380	555	430.888977050781	54077	3.4453	430.889190673828	26836916	29053
381	588	430.888732910156	42700	3.45482166666667	430.889282226563	26900772	29192
382	564	430.888977050781	46786	3.46438666666667	430.889251708984	26972978	29356
383	563	430.888885498047	46913	3.47371166666667	430.889190673828	27045534	29490
384	686	430.889068603516	45764	3.48347	430.889404296875	27114906	29656
385	463	430.88916015625	56109	3.49259666666667	430.889373779297	27200589	29807
386	615	430.889251708984	42031	3.50217833333333	430.889373779297	27264313	29944
388	551	430.88916015625	41469	3.51529666666667	430.889251708984	27325123	30081
389	548	430.888977050781	41628	3.524425	430.889251708984	27389569	30232
390	600	430.889343261719	44622	3.53395666666667	430.889373779297	27461300	30379
393	507	430.889434814453	61676	3.55087	430.889373779297	27553402	30507
394	547	430.889251708984	45299	3.55998	430.889373779297	27622870	30652
395	571	430.889068603516	35356	3.56965833333333	430.889312744141	27679743	30787
396	760	430.889251708984	38628	3.57928666666667	430.889434814453	27743555	30951
397	591	430.889434814453	36233	3.588845	430.889434814453	27800474	31095
398	550	430.888977050781	41299	3.59835333333333	430.889465332031	27865333	31233
400	505	430.889556884766	82159	3.611355	430.889587402344	27996579	31299
402	418	430.888641357422	95563	3.625095	430.888671875	28151531	31374
403	399	430.888641357422	86723	3.633985	430.888641357422	28290010	31449
404	378	430.888641357422	90567	3.64393833333333	430.888580322266	28429538	31529
405	390	430.888641357422	83435	3.65333333333333	430.888702392578	28558398	31623
406	537	430.88916015625	99354	3.66264166666667	430.889129638672	28717901	31678
407	399	430.88916015625	110002	3.67309666666667	430.889190673828	28894600	31739
408	516	430.889038085938	91870	3.68391333333333	430.889007568359	29043637	31796
409	456	430.889068603516	92626	3.694075	430.889129638672	29186475	31851
410	411	430.889282226563	80898	3.7046	430.889312744141	29314741	31899
411	440	430.889129638672	89480	3.715045	430.889129638672	29450945	31946
412	432	430.88916015625	82978	3.72556	430.889129638672	29578866	31994
413	554	430.889465332031	80914	3.73603166666667	430.889465332031	29702219	32042
414	527	430.8896484375	63050	3.74657833333333	430.889739990234	29797599	32089
415	407	430.889282226563	82651	3.75711833333333	430.889312744141	29927452	32140
416	481	430.889251708984	89493	3.767515	430.889251708984	30070117	32204
417	405	430.889251708984	88893	3.77799833333333	430.889251708984	30217184	32260
418	447	430.889068603516	90522	3.78852666666667	430.889007568359	30361130	32312
419	410	430.889099121094	85747	3.79898833333333	430.889099121094	30497452	32366
420	433	430.889038085938	84319	3.80948	430.889007568359	30632091	32420
421	449	430.888458251953	95341	3.81996166666667	430.888427734375	30782846	32486
422	408	430.889129638672	77277	3.829925	430.88916015625	30899483	32533
423	353	430.889190673828	89449	3.84034833333333	430.889190673828	31041419	32584
424	438	430.889251708984	110135	3.851165	430.889221191406	31215210	32642
425	418	430.889190673828	100362	3.86133	430.88916015625	31377089	32691
426	383	430.889099121094	88585	3.87189166666667	430.889099121094	31516741	32743
427	437	430.889190673828	90423	3.88233	430.889129638672	31658835	32804
428	488	430.889343261719	111865	3.89282	430.889312744141	31835888	32865
429	370	430.889099121094	97757	3.903325	430.889038085938	31992957	32923
430	379	430.889068603516	97694	3.91384333333333	430.889007568359	32149102	32977
431	568	430.890075683594	56919	3.92438666666667	430.889953613281	32239365	33039
432	447	430.889251708984	87538	3.93477166666667	430.889190673828	32378704	33089
433	480	430.889007568359	106790	3.945275	430.889007568359	32551066	33148
434	527	430.889190673828	69512	3.95580333333333	430.889404296875	32659398	33200
435	565	430.889862060547	73942	3.96626666666667	430.889831542969	32774534	33243
437	359	430.889099121094	100315	3.98027	430.889038085938	32930843	33300
438	371	430.889007568359	92367	3.99028	430.889038085938	33078406	33344
439	434	430.888946533203	99608	4.00073666666667	430.888916015625	33237483	33395
440	412	430.889129638672	100801	4.01120166666667	430.889068603516	33397181	33450
441	504	430.888916015625	110149	4.02170333333333	430.888885498047	33570522	33516
442	468	430.888977050781	101982	4.03224666666667	430.888885498047	33734975	33578
443	498	430.889434814453	71683	4.04271	430.889465332031	33846999	33623
444	606	430.888977050781	52534	4.05316333333333	430.888946533203	33925799	33748
445	615	430.888732910156	49379	4.06289333333333	430.888977050781	34000239	33874
446	574	430.888732910156	50549	4.072705	430.888824462891	34073762	33993
447	572	430.888641357422	48399	4.08239166666667	430.888946533203	34146215	34127
448	553	430.888885498047	57051	4.09215166666667	430.888946533203	34233207	34235
449	501	430.888793945313	49285	4.10174666666667	430.888946533203	34312356	34350
450	548	430.888793945313	53338	4.11149	430.889221191406	34395221	34465
451	713	430.888793945313	45568	4.12110833333333	430.889251708984	34465298	34578
454	622	430.888732910156	46071	4.13808333333333	430.889251708984	34539291	34701
455	651	430.889251708984	40649	4.14735333333333	430.889221191406	34600678	34828
456	362	430.888366699219	114697	4.157	430.888244628906	34781621	34918
457	639	430.888885498047	60881	4.16661166666667	430.889221191406	34871680	35051
459	603	430.888793945313	48088	4.17992333333333	430.889221191406	34945627	35167
460	719	430.88916015625	46248	4.18926833333333	430.889038085938	35018944	35306
461	483	430.888732910156	49771	4.19905	430.889099121094	35097235	35415
463	691	430.888793945313	50289	4.212485	430.88916015625	35178209	35552
464	625	430.889343261719	55787	4.22164166666667	430.889251708984	35266368	35679
465	593	430.889556884766	86765	4.23122333333333	430.889587402344	35404745	35727
466	609	430.889068603516	63091	4.24170166666667	430.889312744141	35507600	35850
467	611	430.889343261719	61104	4.25125833333333	430.889282226563	35597086	35974
468	512	430.888977050781	59529	4.260935	430.889373779297	35687172	36102
471	580	430.888885498047	44656	4.27753666666667	430.889312744141	35754174	36200
472	629	430.889526367188	44641	4.28693833333333	430.889465332031	35824217	36295
473	650	430.88916015625	40396	4.296975	430.889373779297	35889665	36400
474	565	430.888885498047	38412	4.30689	430.889343261719	35947608	36496
475	524	430.888885498047	45203	4.31712166666667	430.889404296875	36018564	36599
476	639	430.889343261719	39616	4.326605	430.889404296875	36081969	36723
477	522	430.888977050781	36363	4.33656666666667	430.889373779297	36135183	36814
478	560	430.888977050781	39311	4.34646333333333	430.889312744141	36196627	36912
479	559	430.888977050781	39597	4.356315	430.889282226563	36256984	37027
480	612	430.889343261719	44915	4.366145	430.889312744141	36326025	37145
483	646	430.888793945313	34367	4.38312166666667	430.88916015625	36375808	37242
484	536	430.888885498047	57721	4.39256166666667	430.889038085938	36463690	37341
486	656	430.88916015625	36300	4.40599	430.889221191406	36520828	37429
487	634	430.888885498047	39887	4.415525	430.889221191406	36581712	37528
488	635	430.88916015625	39728	4.42551833333333	430.889312744141	36645724	37654
490	620	430.888977050781	42919	4.43908833333333	430.889282226563	36715464	37779
493	575	430.888885498047	50450	4.45579666666667	430.889221191406	36791003	37891
494	431	430.889526367188	62786	4.46511166666667	430.889404296875	36887831	37992
495	575	430.889068603516	84588	4.47491333333333	430.889312744141	37017728	38106
496	607	430.889343261719	57679	4.48510166666667	430.889129638672	37105099	38210
497	481	430.888793945313	50212	4.49472833333333	430.889221191406	37180513	38296
498	656	430.889343261719	55025	4.50475	430.889343261719	37265061	38410
499	521	430.889068603516	51714	4.51463	430.889221191406	37348992	38504
500	587	430.889068603516	55009	4.52449333333333	430.889343261719	37433972	38605
503	704	430.888885498047	60972	4.541435	430.889312744141	37531899	38727
505	447	430.889251708984	130235	4.55464	430.889251708984	37734654	38790
506	361	430.889221191406	111803	4.56465166666667	430.88916015625	37906861	38841
507	404	430.889251708984	107275	4.575105	430.889251708984	38077249	38891
508	359	430.889190673828	90764	4.58559833333333	430.88916015625	38226103	38942
510	383	430.889282226563	87444	4.59963666666667	430.88916015625	38364328	38989
511	537	430.8896484375	53634	4.609695	430.889984130859	38446220	39043
514	649	430.88916015625	47711	4.62710166666667	430.889251708984	38523922	39145
517	614	430.889526367188	51700	4.64352166666667	430.889495849609	38604622	39243
518	532	430.88916015625	52399	4.65290166666667	430.889343261719	38685413	39342
519	588	430.889068603516	47973	4.66268666666667	430.889465332031	38761122	39472
520	539	430.888732910156	53944	4.672495	430.889221191406	38848678	39568
521	608	430.888793945313	59789	4.68214666666667	430.889251708984	38943892	39676
522	451	430.889373779297	104218	4.69188	430.889373779297	39112847	39737
523	370	430.889221191406	99034	4.70238833333333	430.889190673828	39270140	39790
525	610	430.889617919922	63983	4.71644666666667	430.889617919922	39370720	39836
526	367	430.888275146484	118971	4.72642	430.888275146484	39561871	39916
527	365	430.88916015625	103190	4.73608666666667	430.889099121094	39726481	39982
528	376	430.889068603516	93622	4.746635	430.889068603516	39876917	40037
529	415	430.889099121094	98367	4.75706666666667	430.889038085938	40030247	40098
530	472	430.889190673828	114955	4.767575	430.889129638672	40208105	40156
533	493	430.889404296875	84588	4.78532166666667	430.889465332031	40339408	40201
534	611	430.888793945313	60708	4.79529333333333	430.889038085938	40434037	40294
535	567	430.88916015625	70304	4.80501333333333	430.889068603516	40544065	40410
536	642	430.888732910156	58687	4.81481833333333	430.889099121094	40637759	40513
538	565	430.888885498047	58973	4.82810166666667	430.889038085938	40727239	40634
539	617	430.889251708984	49325	4.83732833333333	430.889282226563	40803989	40755
540	478	430.888793945313	51496	4.84715166666667	430.889190673828	40885366	40857
541	408	430.889221191406	94371	4.85697666666667	430.889221191406	41029299	40916
542	371	430.889038085938	85829	4.86745166666667	430.889007568359	41165610	40958
543	387	430.889556884766	57465	4.87793	430.889587402344	41257344	40995
544	641	430.889251708984	46113	4.88841666666667	430.889221191406	41331185	41078
545	569	430.889434814453	44601	4.89848833333333	430.889343261719	41398678	41165
547	510	430.888732910156	44169	4.91215166666667	430.889068603516	41466655	41265
548	683	430.889251708984	41535	4.92145	430.88916015625	41529137	41360
549	530	430.889251708984	41123	4.93141	430.889221191406	41594910	41442
552	582	430.88916015625	57953	4.94855333333333	430.889129638672	41678841	41537
553	561	430.889434814453	49105	4.95804666666667	430.889251708984	41748577	41604
554	537	430.888885498047	46639	4.96820166666667	430.889099121094	41818493	41704
555	547	430.889068603516	43100	4.97814666666667	430.889068603516	41883614	41838
556	661	430.889068603516	42038	4.987995	430.888946533203	41950992	41924
557	655	430.888885498047	37902	4.998015	430.888916015625	42008437	42013
558	554	430.889343261719	36290	5.00807666666667	430.889282226563	42063122	42106
560	637	430.888885498047	30168	5.022025	430.88916015625	42109697	42189
562	613	430.888732910156	35511	5.03511333333333	430.889007568359	42164553	42293
563	569	430.888793945313	32726	5.044615	430.889038085938	42212232	42400
564	616	430.888732910156	36478	5.054545	430.888977050781	42269192	42524
565	620	430.88916015625	48644	5.06445833333333	430.889068603516	42344853	42617
567	575	430.888977050781	45222	5.07797333333333	430.889190673828	42414731	42718
568	550	430.889251708984	40651	5.087355	430.889343261719	42478115	42813
569	567	430.889068603516	34309	5.09729166666667	430.889068603516	42533571	42929
570	591	430.888885498047	42797	5.10715	430.889282226563	42598476	43032
571	554	430.889068603516	34289	5.11741166666667	430.889312744141	42653326	43136
572	581	430.889068603516	39071	5.12682166666667	430.889282226563	42712969	43241
573	662	430.889068603516	36981	5.136615	430.889373779297	42770542	43396
575	582	430.888977050781	36214	5.15052	430.889251708984	42825452	43499
578	544	430.889343261719	47039	5.16706333333333	430.889404296875	42898682	43614
579	554	430.88916015625	41883	5.17625333333333	430.889282226563	42966360	43709
580	676	430.889068603516	34840	5.18602666666667	430.889312744141	43021517	43836
582	530	430.888641357422	40026	5.199445	430.88916015625	43081659	43936
583	582	430.888885498047	35957	5.20863166666667	430.889282226563	43137828	44045
584	572	430.889343261719	41629	5.218525	430.889251708984	43200553	44144
585	606	430.889068603516	49644	5.228375	430.889221191406	43272754	44252
587	638	430.889343261719	35902	5.241945	430.889190673828	43326234	44365
590	667	430.889251708984	31404	5.258825	430.889038085938	43377595	44474
591	641	430.888793945313	32001	5.26814833333333	430.889068603516	43426005	44574
592	614	430.888885498047	31648	5.27801666666667	430.889129638672	43477077	44671
593	588	430.889068603516	37566	5.28810333333333	430.889221191406	43533279	44758
594	591	430.888885498047	47882	5.29788833333333	430.889343261719	43604414	44870
595	679	430.888885498047	37940	5.307885	430.889221191406	43662266	44969
596	635	430.88916015625	29545	5.31819333333333	430.88916015625	43708985	45064
598	677	430.88916015625	33040	5.33149333333333	430.889190673828	43761418	45183
599	624	430.888885498047	31118	5.34092166666667	430.88916015625	43806908	45270
601	643	430.888641357422	25520	5.354825	430.888977050781	43848832	45322
602	538	430.88916015625	25967	5.36461	430.889251708984	43888804	45388
603	679	430.888793945313	41949	5.37481833333333	430.889038085938	43954190	45470
604	485	430.888885498047	30620	5.38522833333333	430.889038085938	44004897	45547
606	537	430.888732910156	34331	5.39861333333333	430.889099121094	44057275	45639
608	634	430.888641357422	45210	5.41169666666667	430.889038085938	44124082	45767
610	597	430.888732910156	37473	5.42488166666667	430.888885498047	44182448	45881
611	560	430.889343261719	38791	5.434275	430.88916015625	44240885	45976
614	610	430.88916015625	31818	5.45125	430.889221191406	44291035	46070
615	581	430.888732910156	56476	5.460795	430.889007568359	44373554	46156
616	513	430.888793945313	31181	5.47069666666667	430.889068603516	44420823	46257
617	586	430.888977050781	36648	5.48069166666667	430.889007568359	44477280	46360
618	642	430.889068603516	35717	5.49058666666667	430.889190673828	44532642	46475
619	600	430.889068603516	40050	5.5005	430.889129638672	44592696	46566
620	603	430.889251708984	37776	5.51051	430.889221191406	44650870	46661
621	631	430.888885498047	32703	5.520445	430.889068603516	44702302	46747
622	652	430.888977050781	33258	5.53044	430.889221191406	44754967	46838
623	554	430.889068603516	35283	5.54042833333333	430.889221191406	44808323	46926
625	529	430.888885498047	28749	5.55411333333333	430.88916015625	44854308	46986
627	635	430.889343261719	34906	5.56716	430.889282226563	44911367	47094
629	567	430.888977050781	36645	5.58021666666667	430.889221191406	44966631	47210
630	502	430.888793945313	40842	5.58962666666667	430.889190673828	45033188	47303
631	650	430.888641357422	37795	5.59948	430.889068603516	45091065	47385
634	564	430.889068603516	42751	5.61657333333333	430.889129638672	45160935	47476
636	619	430.889251708984	34376	5.62976666666667	430.889190673828	45213680	47553
637	555	430.888732910156	30191	5.63926666666667	430.88916015625	45262782	47632
638	583	430.88916015625	27471	5.64937166666667	430.889312744141	45304984	47717
639	696	430.888793945313	28716	5.65949333333333	430.889343261719	45349990	47804
640	543	430.888977050781	30364	5.66955333333333	430.889251708984	45398261	47882
642	561	430.88916015625	27844	5.68321333333333	430.889282226563	45441654	47963
644	609	430.888732910156	31555	5.696345	430.889129638672	45490216	48051
645	573	430.889343261719	31303	5.70584833333333	430.88916015625	45540891	48134
646	628	430.888977050781	36649	5.71598166666667	430.888885498047	45597507	48232
647	558	430.888793945313	38505	5.72604666666667	430.88916015625	45657045	48320
648	629	430.888885498047	35847	5.73598833333333	430.889221191406	45711644	48408
649	601	430.889068603516	35635	5.74609166666667	430.889343261719	45770153	48500
650	485	430.888977050781	37920	5.75608833333333	430.889038085938	45828783	48598
651	589	430.888732910156	32945	5.76605333333333	430.889068603516	45876786	48677
653	736	430.888885498047	34530	5.77961666666667	430.889099121094	45930508	48759
655	557	430.889068603516	28382	5.79277666666667	430.88916015625	45974228	48835
656	588	430.888977050781	36620	5.80253166666667	430.889312744141	46030341	48901
657	594	430.888732910156	35456	5.81249833333333	430.889312744141	46084799	49010
658	366	430.889221191406	64845	5.82251166666667	430.889190673828	46190826	49060
659	384	430.889038085938	67251	5.83302666666667	430.889038085938	46299162	49107
660	375	430.888885498047	60348	5.84356666666667	430.888977050781	46399535	49154
661	399	430.889099121094	61900	5.854015	430.889099121094	46498628	49203
662	367	430.888702392578	62143	5.86448833333333	430.888702392578	46598928	49252
664	521	430.888366699219	35531	5.87853166666667	430.888732910156	46653662	49347
665	600	430.888977050781	39476	5.88788666666667	430.888946533203	46715272	49449
667	668	430.88916015625	32786	5.90120666666667	430.889221191406	46768336	49542
668	607	430.889251708984	30783	5.91069333333333	430.889129638672	46819308	49641
669	602	430.888793945313	34270	5.92072833333333	430.889007568359	46870693	49739
670	551	430.888732910156	35558	5.93068333333333	430.889129638672	46925745	49841
671	581	430.88916015625	39766	5.94063333333333	430.889251708984	46982185	49921
675	606	430.888793945313	40225	5.96153333333333	430.889190673828	47040404	50015
676	592	430.888885498047	43113	5.971075	430.889312744141	47107381	50107
679	544	430.888885498047	44109	5.98839333333333	430.889190673828	47176309	50174
681	553	430.888732910156	40440	6.00141666666667	430.889099121094	47238496	50262
684	598	430.888885498047	36957	6.018075	430.889282226563	47296528	50363
685	468	430.888885498047	45068	6.027595	430.889068603516	47362716	50455
687	657	430.889068603516	44152	6.04109833333333	430.889038085938	47432404	50547
689	521	430.888793945313	39142	6.05422166666667	430.889251708984	47494056	50631
690	515	430.888793945313	40094	6.063815	430.889221191406	47554798	50722
692	574	430.88916015625	44954	6.07736666666667	430.889190673828	47622828	50805
693	600	430.888885498047	36770	6.08677833333333	430.889282226563	47681010	50899
695	610	430.889251708984	43290	6.10034166666667	430.889373779297	47748582	50971
697	600	430.888885498047	41867	6.11348333333333	430.889312744141	47811301	51068
699	644	430.889251708984	42730	6.126585	430.889282226563	47873646	51137
700	603	430.889434814453	40226	6.13626833333333	430.889434814453	47937471	51214
701	496	430.888885498047	39041	6.14637333333333	430.889312744141	48000883	51289
702	645	430.889343261719	44356	6.15632666666667	430.889465332031	48069853	51370
703	640	430.888977050781	74996	6.16637833333333	430.889221191406	48183617	51441
704	549	430.889251708984	43858	6.17654166666667	430.889190673828	48250439	51518
705	671	430.88916015625	37165	6.18664833333333	430.889312744141	48306387	51600
706	546	430.888977050781	49337	6.19679833333333	430.889373779297	48381498	51691
707	500	430.888977050781	41067	6.20675666666667	430.889373779297	48443787	51781
710	551	430.88916015625	38909	6.22397833333333	430.889434814453	48504041	51867
712	653	430.889434814453	36403	6.23702	430.889312744141	48558503	51948
715	633	430.889434814453	54314	6.25364166666667	430.889343261719	48642340	52037
716	569	430.889068603516	41740	6.26315666666667	430.889343261719	48708811	52122
717	660	430.889251708984	46580	6.27308833333333	430.889282226563	48780647	52224
718	611	430.889343261719	40236	6.28344166666667	430.889404296875	48845719	52318
719	702	430.889251708984	39213	6.292925	430.889282226563	48905639	52418
720	659	430.889434814453	38054	6.30277166666667	430.889434814453	48967009	52517
721	648	430.889251708984	38224	6.312895	430.889434814453	49026129	52610
722	512	430.888793945313	34563	6.32284833333333	430.889251708984	49080392	52700
723	569	430.88916015625	44551	6.33277666666667	430.88916015625	49144977	52789
724	484	430.888793945313	46775	6.34267833333333	430.889190673828	49219561	52886
725	566	430.888793945313	47656	6.35258833333333	430.889343261719	49291377	52981
726	623	430.889251708984	48384	6.36252166666667	430.889221191406	49364531	53076
727	729	430.889068603516	42212	6.37244166666667	430.889068603516	49429139	53173
729	617	430.889343261719	49045	6.38590833333333	430.889190673828	49502217	53268
730	565	430.889068603516	52867	6.39537833333333	430.889190673828	49586213	53351
731	615	430.889343261719	57107	6.40522666666667	430.889221191406	49677415	53450
732	576	430.888885498047	62237	6.415	430.889190673828	49773056	53553
734	589	430.889068603516	44492	6.42856	430.889221191406	49841077	53642
735	532	430.888977050781	50628	6.43798	430.889038085938	49916185	53746
736	553	430.888793945313	54962	6.447965	430.889190673828	49996298	53835
737	500	430.889068603516	54224	6.45798666666667	430.889068603516	50077645	53928
740	563	430.888793945313	44970	6.47532	430.888824462891	50147705	54007
741	653	430.888793945313	35569	6.48531833333333	430.889007568359	50201561	54077
742	556	430.889251708984	45832	6.49506666666667	430.889099121094	50270898	54156
743	574	430.889068603516	37717	6.50519166666667	430.889221191406	50333239	54251
744	558	430.888977050781	46499	6.51510333333333	430.889099121094	50404288	54340
745	617	430.88916015625	40557	6.52509833333333	430.889251708984	50463418	54415
746	743	430.888885498047	43705	6.535165	430.888946533203	50530015	54498
747	628	430.888641357422	41160	6.54535166666667	430.889007568359	50591037	54568
749	588	430.888793945313	32357	6.55901	430.889099121094	50644656	54664
751	542	430.888641357422	52300	6.57202166666667	430.889038085938	50721915	54759
752	581	430.888977050781	50066	6.58150333333333	430.889129638672	50797021	54845
753	610	430.888977050781	41441	6.59145166666667	430.889312744141	50861740	54939
755	547	430.889068603516	37938	6.60499333333333	430.889190673828	50922897	55030
756	614	430.888732910156	50986	6.61456	430.889129638672	50996947	55120
757	616	430.889251708984	43003	6.62444166666667	430.889312744141	51065174	55199
758	601	430.889251708984	34630	6.63444833333333	430.889312744141	51117898	55290
759	673	430.889251708984	40808	6.644475	430.889282226563	51183507	55382
761	756	430.889068603516	43757	6.65807833333333	430.889251708984	51255027	55485
762	520	430.889251708984	60348	6.66749	430.889343261719	51347810	55568
764	590	430.889251708984	50310	6.68102166666667	430.889312744141	51423383	55669
765	589	430.88916015625	68581	6.69039166666667	430.889190673828	51528393	55765
766	595	430.888793945313	43708	6.70036333333333	430.889221191406	51596880	55853
767	677	430.889343261719	48080	6.71029	430.889282226563	51669553	55957
769	547	430.888885498047	39508	6.72392833333333	430.889190673828	51733784	56051
770	525	430.889068603516	37530	6.73337333333333	430.889221191406	51793242	56144
772	540	430.88916015625	41080	6.74685166666667	430.889343261719	51859389	56221
774	600	430.889434814453	40904	6.75991166666667	430.889312744141	51922836	56318
776	604	430.88916015625	47690	6.77301333333333	430.889282226563	51995872	56413
777	532	430.88916015625	44310	6.78239166666667	430.889465332031	52061961	56507
778	533	430.889343261719	45307	6.79237333333333	430.889495849609	52133515	56593
779	609	430.889434814453	48719	6.80221333333333	430.889404296875	52207060	56685
780	552	430.889251708984	40679	6.8121	430.889129638672	52272464	56768
781	591	430.88916015625	41845	6.82211	430.88916015625	52334296	56859
782	695	430.889068603516	42613	6.83192333333333	430.88916015625	52398372	56963
784	664	430.888977050781	40617	6.84532333333333	430.889282226563	52460638	57067
785	639	430.889343261719	40603	6.85471333333333	430.889282226563	52523254	57163
786	541	430.889434814453	48181	6.86461166666667	430.889343261719	52595965	57262
787	664	430.888641357422	43643	6.87442833333333	430.889068603516	52660893	57358
789	724	430.888793945313	39761	6.88797666666667	430.889099121094	52721681	57457
790	513	430.889068603516	32929	6.89733333333333	430.889251708984	52775819	57536
791	561	430.888732910156	39189	6.90732833333333	430.889251708984	52835486	57630
792	606	430.888793945313	38901	6.91752166666667	430.889129638672	52897227	57751
793	573	430.888885498047	40663	6.927095	430.889129638672	52958244	57858
795	447	430.889068603516	39616	6.940545	430.889099121094	53019617	57939
796	592	430.888885498047	36740	6.94996166666667	430.889190673828	53076836	58031
797	592	430.888885498047	35859	6.95993166666667	430.88916015625	53132046	58136
798	621	430.889343261719	34578	6.96991333333333	430.889312744141	53183521	58234
799	535	430.888885498047	46881	6.97997833333333	430.88916015625	53254286	58317
801	511	430.888641357422	32250	6.99345833333333	430.889038085938	53307061	58399
802	581	430.888732910156	54559	7.00296	430.889099121094	53387205	58493
804	577	430.888793945313	41130	7.01695	430.889190673828	53451963	58579
806	637	430.888977050781	48751	7.02978	430.889129638672	53525321	58669
808	609	430.889068603516	45901	7.04261833333333	430.889068603516	53596619	58772
810	508	430.888885498047	49723	7.05569	430.889068603516	53673869	58866
811	533	430.889068603516	48152	7.06504833333333	430.889038085938	53746806	58967
812	624	430.888885498047	51716	7.07494166666667	430.889343261719	53825116	59054
813	769	430.88916015625	43968	7.08515166666667	430.889434814453	53895922	59169
814	536	430.888977050781	48102	7.094635	430.889190673828	53966998	59248
815	620	430.88916015625	40479	7.10451833333333	430.889465332031	54030333	59337
817	509	430.888977050781	39811	7.11831666666667	430.889251708984	54093233	59441
818	534	430.889343261719	48201	7.12765833333333	430.889190673828	54168985	59534
820	653	430.889068603516	43565	7.14119666666667	430.889038085938	54238930	59637
822	530	430.889068603516	47584	7.15449166666667	430.889312744141	54316882	59731
824	586	430.889068603516	45930	7.16749833333333	430.889495849609	54387592	59834
825	667	430.889068603516	37513	7.17685666666667	430.889373779297	54446897	59935
827	489	430.888885498047	49666	7.190395	430.889282226563	54522812	60036
828	529	432.886383056641	41953	7.19978166666667	432.886383056641	54629603	60129
829	628	430.888732910156	49050	7.20967	430.889221191406	54702134	60224
830	627	430.888977050781	48243	7.21956833333333	430.889221191406	54777634	60349
832	598	430.88916015625	52207	7.23297	430.889404296875	54859004	60440
833	574	430.888977050781	50013	7.24225833333333	430.889221191406	54935430	60553
834	693	430.889343261719	50349	7.252235	430.889343261719	55016002	60635
835	484	430.888977050781	52657	7.26206	430.889312744141	55094107	60730
836	536	430.889251708984	49803	7.27187	430.889587402344	55169217	60820
837	646	430.88916015625	50236	7.281745	430.889404296875	55247373	60908
838	553	430.889434814453	48501	7.29167	430.889282226563	55321461	61014
839	607	430.889343261719	41888	7.30159	430.889282226563	55384467	61100
840	651	430.889343261719	40317	7.31151166666667	430.889343261719	55445820	61191
841	616	430.889434814453	34447	7.32156166666667	430.889282226563	55497404	61272
843	536	430.888885498047	34977	7.335475	430.889343261719	55553374	61368
844	576	430.889434814453	32117	7.34490333333333	430.889373779297	55602545	61446
845	527	430.889343261719	43642	7.3549	430.889343261719	55665160	61532
846	394	430.889343261719	74497	7.36483166666667	430.889312744141	55782287	61569
847	299	430.889373779297	87213	7.37537666666667	430.889312744141	55915722	61612
848	359	430.889312744141	69291	7.385825	430.889251708984	56028620	61656
849	628	430.889770507813	35837	7.39632333333333	430.89013671875	56087505	61710
850	553	430.888977050781	47338	7.4068	430.889099121094	56160759	61803
851	600	430.889343261719	56162	7.41712666666667	430.889312744141	56244197	61905
852	518	430.889251708984	52224	7.42658	430.889251708984	56322592	61982
853	594	430.888885498047	62372	7.43633	430.889434814453	56418635	62079
854	549	430.889251708984	53936	7.44607166666667	430.889282226563	56500572	62166
855	327	430.888458251953	110411	7.45585166666667	430.888397216797	56675595	62227
857	358	430.889282226563	102554	7.46911166666667	430.889251708984	56837026	62277
858	378	430.889282226563	100446	7.479075	430.889221191406	56992967	62331
859	408	430.889221191406	101520	7.48962	430.889221191406	57151862	62387
860	399	430.889129638672	100136	7.50016166666667	430.889099121094	57313591	62439
861	341	430.88916015625	101158	7.51055333333333	430.889099121094	57470459	62491
862	447	430.889251708984	95460	7.52105166666667	430.889221191406	57620105	62535
863	519	430.88916015625	50491	7.53159166666667	430.889190673828	57698815	62615
864	587	430.889251708984	53607	7.54135833333333	430.889434814453	57783364	62720
865	563	430.888977050781	53127	7.55117833333333	430.889404296875	57867734	62817
866	491	430.889434814453	57607	7.561165	430.889373779297	57952759	62907
867	562	430.889434814453	53737	7.57099833333333	430.889434814453	58035773	63005
868	633	430.889526367188	54245	7.58077333333333	430.889373779297	58123452	63121
869	560	430.889434814453	52427	7.59059666666667	430.889404296875	58205536	63211
870	638	430.889434814453	51064	7.60040833333333	430.889556884766	58281323	63295
871	664	430.889617919922	60626	7.61036666666667	430.889556884766	58373871	63391
872	594	430.88916015625	50480	7.62025333333333	430.889373779297	58455430	63478
873	667	430.889068603516	47282	7.630275	430.889404296875	58528148	63572
875	631	430.88916015625	40847	7.64385333333333	430.889373779297	58592979	63654
876	657	430.889617919922	52225	7.65334	430.889465332031	58672915	63767
877	657	430.889068603516	53579	7.66322	430.889465332031	58756867	63875
878	712	430.889617919922	61036	7.67323	430.889617919922	58848368	63966
879	498	430.889617919922	57074	7.68304333333333	430.889495849609	58934906	64059
881	559	430.889251708984	55594	7.696305	430.889556884766	59022078	64147
882	479	430.888977050781	52708	7.70562833333333	430.889343261719	59106603	64236
883	560	430.889526367188	42535	7.71563833333333	430.889495849609	59176207	64315
884	568	430.889526367188	53923	7.72573666666667	430.889465332031	59258839	64414
885	599	430.889251708984	51383	7.73565666666667	430.889343261719	59336789	64506
886	643	430.888885498047	56025	7.74558833333333	430.889190673828	59419289	64596
888	520	430.889251708984	59021	7.75934333333333	430.88916015625	59507302	64706
889	570	430.888885498047	56732	7.76870166666667	430.889007568359	59593687	64803
890	648	430.888977050781	51074	7.77858833333333	430.889099121094	59675462	64906
892	641	430.888732910156	52453	7.79218166666667	430.888946533203	59754377	65001
894	547	430.888732910156	52980	7.80527	430.888946533203	59838184	65094
895	626	430.888885498047	54716	7.81475	430.888885498047	59919342	65187
896	574	430.888885498047	49180	7.824685	430.888977050781	59995258	65273
897	637	430.888793945313	51561	7.83454666666667	430.888946533203	60074688	65356
899	682	430.888549804688	50835	7.84819	430.888916015625	60151692	65463
900	637	430.888549804688	54327	7.85749833333333	430.888977050781	60235577	65534
901	674	430.888793945313	52991	7.86759333333333	430.889221191406	60316797	65628
902	551	430.888793945313	57562	7.87760333333333	430.889038085938	60407316	65717
904	596	430.88916015625	65831	7.89115	430.889068603516	60513743	65805
906	455	430.888977050781	62383	7.90405666666667	430.889068603516	60608524	65891
907	734	430.88916015625	65832	7.91336166666667	430.889221191406	60713765	65992
911	667	430.888793945313	53386	7.93376333333333	430.889221191406	60795038	66078
912	609	430.889343261719	60589	7.94326166666667	430.88916015625	60885651	66157
914	505	430.889068603516	56607	7.956715	430.889007568359	60970242	66227
915	473	430.888885498047	49813	7.96621	430.888885498047	61045965	66312
916	538	430.889068603516	47425	7.97630666666667	430.889007568359	61119114	66384
918	697	430.888977050781	40534	7.98990333333333	430.889099121094	61180805	66451
920	540	430.888641357422	36370	8.00307666666667	430.889068603516	61235417	66513
921	606	430.888885498047	39371	8.01281	430.889251708984	61294937	66590
922	518	430.888732910156	42407	8.02283666666667	430.889007568359	61364268	66660
923	327	430.88916015625	78503	8.03305333333333	430.889129638672	61487744	66704
924	600	430.888732910156	47832	8.04356	430.889099121094	61561989	66822
925	556	430.888732910156	49007	8.05343	430.889099121094	61640744	66898
927	687	430.888641357422	49488	8.06690333333333	430.888977050781	61712615	66994
928	571	430.888793945313	46660	8.07636833333333	430.888916015625	61782940	67060
929	412	430.88818359375	99927	8.08651666666667	430.88818359375	61943687	67115
930	369	430.888732910156	113044	8.09647333333333	430.888824462891	62123429	67172
932	488	430.888732910156	53723	8.11047333333333	430.888763427734	62206606	67262
933	565	430.888793945313	61213	8.12004333333333	430.888916015625	62300583	67341
934	647	430.888732910156	52640	8.12994833333333	430.889099121094	62385331	67444
935	495	430.888977050781	49829	8.13993166666667	430.889434814453	62463621	67515
938	570	430.889068603516	44687	8.15742333333333	430.889404296875	62530785	67589
939	542	430.88916015625	44376	8.16690666666667	430.889343261719	62604372	67662
940	589	430.889343261719	46156	8.17696333333333	430.889556884766	62677917	67724
941	723	430.889434814453	51837	8.187165	430.889312744141	62761229	67809
942	523	430.889068603516	53487	8.197015	430.889312744141	62846158	67900
944	586	430.88916015625	53047	8.21052666666667	430.889373779297	62925278	67982
945	546	430.888977050781	57561	8.22005166666667	430.889434814453	63009206	68074
946	649	430.889526367188	59154	8.22993666666667	430.889495849609	63098678	68168
948	581	430.888793945313	54788	8.24341	430.889099121094	63180925	68266
949	607	430.889343261719	46636	8.25273166666667	430.889251708984	63258006	68344
951	613	430.888977050781	48534	8.26630166666667	430.889343261719	63333199	68440
953	607	430.889068603516	52093	8.279325	430.889373779297	63413543	68535
954	583	430.889068603516	46647	8.28869166666667	430.889434814453	63484195	68638
955	632	430.889068603516	41735	8.29865	430.889221191406	63551832	68729
956	586	430.889343261719	41291	8.30865666666667	430.889282226563	63615692	68810
957	662	430.889068603516	39303	8.31874333333333	430.889373779297	63676708	68896
958	604	430.88916015625	38096	8.32876	430.889282226563	63735954	68984
959	560	430.889343261719	41015	8.33878	430.889343261719	63798069	69070
960	711	430.889251708984	44024	8.34881	430.889251708984	63866171	69170
961	356	430.889312744141	69923	8.35893333333333	430.889312744141	63978370	69221
962	347	430.889129638672	73283	8.36934	430.889129638672	64094041	69270
963	385	430.888946533203	73359	8.37988166666667	430.888885498047	64214914	69315
964	392	430.889068603516	126292	8.39032333333333	430.889068603516	64414993	69365
965	610	430.889251708984	41423	8.40084166666667	430.889282226563	64481289	69462
967	653	430.888641357422	45945	8.41419166666667	430.888977050781	64551601	69540
969	405	430.889221191406	114356	8.427075	430.889129638672	64730351	69591
970	352	430.88916015625	87967	8.43705	430.88916015625	64873039	69643
971	397	430.889129638672	91689	8.44758	430.88916015625	65023618	69691
972	349	430.888854980469	82412	8.458025	430.888885498047	65159196	69736
973	358	430.888854980469	81553	8.46852166666667	430.888946533203	65294299	69776
974	388	430.889099121094	78207	8.47901	430.889099121094	65415623	69828
975	290	430.88916015625	70949	8.48953333333333	430.889129638672	65527813	69874
976	684	430.889068603516	40603	8.49999	430.889129638672	65590678	69990
978	740	430.889251708984	62521	8.51323833333333	430.889282226563	65684869	70088
979	535	430.889251708984	38000	8.522785	430.889190673828	65745017	70164
980	528	430.888732910156	36931	8.53291	430.889068603516	65799801	70236
981	645	430.888732910156	34761	8.542855	430.889221191406	65851949	70324
982	659	430.888885498047	46133	8.55290166666667	430.88916015625	65923265	70391
983	397	430.889129638672	67285	8.56310166666667	430.889099121094	66033214	70443
984	316	430.889190673828	69067	8.57354	430.889190673828	66141314	70484
985	317	430.889068603516	71904	8.58438333333333	430.889007568359	66256030	70526
987	391	430.889190673828	69592	8.59805333333333	430.88916015625	66369576	70569
988	413	430.889129638672	73596	8.60801333333333	430.88916015625	66488320	70612
989	337	430.889129638672	78676	8.61851166666667	430.889129638672	66615707	70657
990	504	430.88916015625	42957	8.62900333333333	430.889251708984	66679666	70751
991	548	430.889526367188	39464	8.63893333333333	430.889343261719	66742444	70854
993	397	430.889373779297	106402	8.6524	430.889343261719	66908324	70904
994	360	430.889099121094	80839	8.66237666666667	430.889129638672	67043082	70956
995	616	430.888885498047	43663	8.67291333333333	430.889129638672	67111564	71067
996	531	430.88916015625	41088	8.68306833333333	430.889190673828	67175069	71167
997	614	430.88916015625	77314	8.69264333333333	430.889251708984	67292935	71250
998	658	430.889434814453	47184	8.70267333333333	430.889251708984	67363744	71363
999	690	430.888977050781	57931	8.71261	430.889068603516	67455943	71444
1000	730	430.889251708984	36948	8.72258	430.889343261719	67514491	71535
1001	673	430.889068603516	45168	8.73258666666667	430.889190673828	67581522	71648
1002	591	430.889068603516	53521	8.742525	430.889221191406	67668008	71741
1004	444	430.889282226563	77345	8.756085	430.889251708984	67791578	71791
1005	418	430.889465332031	72268	8.76605	430.889373779297	67911456	71844
1006	353	430.889099121094	68267	8.77652333333333	430.88916015625	68023143	71891
1008	378	430.889068603516	71244	8.7906	430.889099121094	68136804	71939
1009	467	430.888885498047	29447	8.80057666666667	430.889068603516	68186114	72020
1010	579	430.888977050781	45663	8.81045166666667	430.889251708984	68255544	72108
1011	287	430.888000488281	74411	8.82039666666667	430.887969970703	68378258	72158
1012	595	430.88916015625	33502	8.83037	430.889282226563	68427080	72258
1013	343	430.889068603516	66883	8.84029	430.889007568359	68533039	72310
1014	376	430.889007568359	62998	8.851105	430.889068603516	68639597	72358
1015	364	430.888916015625	74846	8.861315	430.888946533203	68755754	72406
1016	282	430.888854980469	68568	8.87187	430.888916015625	68863027	72450
1017	412	430.888580322266	73341	8.88225666666667	430.888702392578	68979535	72500
1018	352	430.888824462891	93729	8.89276166666667	430.888916015625	69131139	72546
1019	393	430.888946533203	78641	8.90329833333333	430.888977050781	69255597	72594
1020	617	430.888732910156	36107	8.91373666666667	430.889129638672	69312835	72679
1022	677	430.888977050781	56424	8.927065	430.889099121094	69397762	72780
1024	376	430.889099121094	71918	8.940015	430.889068603516	69517088	72827
1025	662	430.888549804688	40357	8.95031666666667	430.888946533203	69580522	72933
1026	653	430.889068603516	32103	8.95968666666667	430.889282226563	69630667	73033
1028	397	430.889007568359	69218	8.97315833333333	430.888977050781	69744259	73087
1029	394	430.889038085938	65406	8.98311833333333	430.889068603516	69849277	73136
1030	351	430.888946533203	130844	8.99361333333333	430.889007568359	70060109	73179
1031	373	430.88916015625	70079	9.00409	430.889068603516	70173229	73231
1032	399	430.888977050781	74151	9.01464666666667	430.888977050781	70290031	73285
1035	365	430.889282226563	80635	9.03208166666667	430.889221191406	70420642	73330
1036	566	430.888732910156	79179	9.04215	430.889007568359	70542502	73443
1038	686	430.889068603516	59972	9.05531833333333	430.889099121094	70641348	73556
1039	506	430.889068603516	50151	9.06446166666667	430.888916015625	70716653	73631
1040	404	430.889190673828	87340	9.07421333333333	430.889129638672	70852023	73681
1041	379	430.888977050781	87513	9.08511166666667	430.888946533203	70990583	73729
1042	404	430.889068603516	87232	9.09523166666667	430.889068603516	71133337	73781
1043	436	430.889038085938	81324	9.10570166666667	430.889007568359	71265727	73833
1044	398	430.889038085938	85618	9.11620333333333	430.889038085938	71404187	73889
1045	402	430.889068603516	97588	9.12673833333333	430.889068603516	71560821	73942
1046	370	430.889129638672	88713	9.137185	430.889129638672	71701446	73998
1047	314	430.88916015625	80850	9.147675	430.889129638672	71832481	74045
1048	370	430.889282226563	92702	9.158175	430.889282226563	71978353	74100
1049	374	430.888977050781	87449	9.168725	430.888916015625	72121449	74159
1050	351	430.888916015625	79771	9.17916	430.888916015625	72253262	74212
1051	385	430.888916015625	77996	9.18965333333333	430.888885498047	72379721	74260
1052	402	430.888793945313	91982	9.20014	430.888793945313	72524953	74304
1053	417	430.888824462891	114531	9.21076666666667	430.888824462891	72706802	74365
1054	380	430.888916015625	101932	9.22112833333333	430.888946533203	72862956	74422
1055	360	430.88916015625	101189	9.23161666666667	430.889099121094	73024785	74475
1056	377	430.888854980469	85504	9.24210166666667	430.888854980469	73165086	74524
1057	658	430.888885498047	43045	9.252635	430.889007568359	73234514	74628
1059	512	430.888641357422	44142	9.26565166666667	430.889068603516	73302906	74703
1060	522	430.888793945313	54781	9.275065	430.889251708984	73386001	74785
1061	533	430.88916015625	44905	9.285025	430.889282226563	73453084	74868
1064	696	430.889343261719	45731	9.30218833333333	430.889282226563	73522745	74963
1065	588	430.889068603516	52511	9.31157	430.889343261719	73600461	75060
1066	615	430.889526367188	55436	9.32155333333333	430.889495849609	73679711	75152
1067	678	430.888793945313	44577	9.33135	430.889343261719	73751529	75253
1068	725	430.888793945313	50040	9.34126666666667	430.889190673828	73827829	75339
1069	527	430.888977050781	48015	9.35115	430.889282226563	73899805	75425
1071	576	430.888977050781	46044	9.36472	430.889251708984	73972061	75503
1072	617	430.888885498047	46078	9.37417166666667	430.889190673828	74042053	75588
1073	657	430.888977050781	41958	9.384455	430.889373779297	74106601	75683
1074	558	430.888977050781	48961	9.39422666666667	430.889373779297	74186198	75774
1075	734	430.889434814453	49126	9.40412	430.889312744141	74260931	75874
1078	623	430.888885498047	49102	9.42096833333333	430.889343261719	74336669	75984
1080	441	430.889190673828	93370	9.43378333333333	430.889099121094	74480718	76033
1081	302	430.889190673828	81925	9.44374166666667	430.88916015625	74608549	76084
1082	397	430.889282226563	85085	9.45424	430.889221191406	74743590	76132
1083	342	430.889190673828	81606	9.46479833333333	430.889190673828	74875308	76178
1084	350	430.889312744141	95045	9.47522166666667	430.889221191406	75023790	76237
1086	446	430.889038085938	102143	9.48922166666667	430.889038085938	75185243	76298
1087	371	430.88916015625	145880	9.49923833333333	430.889129638672	75415433	76357
1088	382	430.889129638672	106926	9.50969	430.889038085938	75589444	76419
1089	415	430.889129638672	115149	9.52017666666667	430.889068603516	75770217	76478
1090	638	430.890014648438	60256	9.53067166666667	430.889923095703	75871621	76540
1091	749	430.888885498047	59716	9.54120333333333	430.88916015625	75961569	76658
1092	612	430.888732910156	53113	9.550875	430.889038085938	76041576	76759
1093	663	430.889251708984	53054	9.56051833333333	430.889343261719	76126032	76872
1094	652	430.888793945313	54603	9.57030333333333	430.889190673828	76205406	76969
1095	548	430.888885498047	62043	9.58018166666667	430.889068603516	76302995	77071
1096	563	430.888977050781	61137	9.58984166666667	430.889190673828	76395732	77170
1097	577	430.889068603516	68790	9.599515	430.889282226563	76504158	77269
1098	619	430.888977050781	53539	9.60922666666667	430.889343261719	76589673	77372
1099	529	430.888793945313	60993	9.61903166666667	430.889129638672	76682922	77462
1100	523	430.888549804688	60042	9.62869333333333	430.888916015625	76779395	77567
1101	663	430.888732910156	66508	9.638395	430.88916015625	76882592	77653
1103	391	430.889038085938	110323	9.651995	430.889038085938	77055064	77705
1104	387	430.889068603516	109136	9.66196833333333	430.889007568359	77233422	77760
1105	362	430.888977050781	117299	9.672455	430.888977050781	77420173	77810
1106	492	430.888885498047	50319	9.682945	430.888977050781	77500135	77908
1107	550	430.888641357422	57251	9.69276	430.889038085938	77587132	78005
1109	583	430.888885498047	66110	9.70597833333333	430.888946533203	77687459	78107
1110	640	430.888732910156	62682	9.71514166666667	430.888977050781	77782846	78215
1113	334	430.88818359375	108178	9.73206666666667	430.88818359375	77957887	78263
1114	406	430.889129638672	110063	9.74142666666667	430.889038085938	78136880	78319
1115	328	430.889038085938	110230	9.75224833333333	430.888977050781	78316078	78370
1116	361	430.888916015625	109015	9.76246166666667	430.888885498047	78486558	78419
1117	416	430.888885498047	107232	9.77289833333333	430.888916015625	78659852	78470
1118	419	430.888885498047	103241	9.783405	430.888916015625	78825881	78524
1119	378	430.889068603516	104749	9.793905	430.889007568359	78995063	78577
1120	336	430.889099121094	94791	9.804435	430.889068603516	79144856	78626
1121	376	430.889465332031	80405	9.81487833333333	430.889434814453	79268007	78664
1122	625	430.888793945313	52621	9.825345	430.889038085938	79342966	78777
1123	596	430.888885498047	45282	9.835105	430.889007568359	79411560	78882
1125	410	430.889312744141	78602	9.84863833333333	430.889221191406	79535910	78953
1126	510	430.889282226563	78959	9.85860166666667	430.889190673828	79663095	79044
1127	616	430.889007568359	78913	9.86909166666667	430.889038085938	79796848	79163
1128	647	430.889038085938	83653	9.87963	430.889038085938	79936094	79325
1129	713	430.889038085938	85244	9.89007	430.889007568359	80079286	79527
1130	582	430.889221191406	66366	9.90066833333333	430.889312744141	80179815	79618
1131	506	430.888885498047	80409	9.91105166666667	430.888916015625	80307616	79717
1132	603	430.888946533203	87654	9.9216	430.888977050781	80449465	79824
1133	569	430.889068603516	83091	9.93205666666667	430.889038085938	80584034	79924
1134	541	430.889007568359	88643	9.94255833333333	430.888977050781	80724653	80031
1135	572	430.889068603516	99018	9.95304166666667	430.889007568359	80880890	80153
1136	455	430.889099121094	102263	9.96357833333333	430.889099121094	81043827	80260
1137	488	430.889221191406	93569	9.97401333333333	430.889099121094	81196461	80358
1138	567	430.889129638672	90377	9.984505	430.889038085938	81341356	80461
1139	470	430.889251708984	88778	9.99500666666667	430.889190673828	81482491	80560
1140	546	430.889038085938	90273	10.00555	430.888916015625	81625650	80663
1141	531	430.889221191406	100286	10.0163233333333	430.889221191406	81784697	80766
1142	497	430.889129638672	102306	10.0264733333333	430.889068603516	81947305	80862
1143	571	430.889221191406	103171	10.03697	430.889190673828	82115468	80966
1144	471	430.889221191406	98726	10.0475033333333	430.88916015625	82271907	81059
1145	525	430.889221191406	84343	10.0579466666667	430.889129638672	82410759	81162
1146	527	430.889221191406	96245	10.068525	430.889221191406	82562198	81271
1148	831	430.889251708984	95897	10.0824816666667	430.889282226563	82716403	81538
1149	908	430.889312744141	109883	10.0924783333333	430.889312744141	82892666	81818
1150	834	430.889221191406	91672	10.1029616666667	430.889221191406	83041124	82104
1152	865	430.889282226563	83225	10.11705	430.889343261719	83181857	82363
1153	770	430.889190673828	82340	10.1270116666667	430.889190673828	83313377	82594
1154	821	430.889221191406	78155	10.137535	430.889251708984	83446081	82843
1155	889	430.889129638672	69932	10.148	430.889190673828	83570564	83097
1156	829	430.889312744141	60680	10.158535	430.889312744141	83671427	83322
1157	828	430.889190673828	81626	10.1689733333333	430.88916015625	83804985	83549
1159	763	430.889343261719	62242	10.1830216666667	430.889343261719	83910804	83760
1160	515	430.889282226563	55143	10.1930283333333	430.889495849609	83996608	83837
1161	807	430.889251708984	73859	10.2034783333333	430.889221191406	84118993	84033
1163	625	430.889282226563	65607	10.2177866666667	430.889190673828	84232279	84209
1165	669	430.889312744141	65378	10.2315333333333	430.889312744141	84341098	84365
1166	623	430.889221191406	68583	10.2415883333333	430.889251708984	84458721	84520
1167	513	430.888641357422	44534	10.2523233333333	430.888977050781	84530357	84591
1168	600	430.889404296875	91028	10.262375	430.889373779297	84683984	84741
1169	545	430.889434814453	85643	10.2728216666667	430.889434814453	84823391	84879
1170	577	430.889190673828	109098	10.2833233333333	430.889190673828	84996087	85011
1171	490	430.889129638672	76894	10.293805	430.889099121094	85125421	85134
1172	613	430.890075683594	44126	10.304355	430.889923095703	85194559	85184
1173	452	430.888458251953	98041	10.3147783333333	430.888427734375	85355205	85325
1174	510	430.88916015625	96598	10.3244483333333	430.889129638672	85506188	85417
1176	476	430.889343261719	91322	10.3385483333333	430.889343261719	85648684	85504
1177	524	430.889129638672	98096	10.34853	430.889129638672	85799464	85599
1178	480	430.88916015625	102237	10.3590166666667	430.889099121094	85958640	85676
1179	497	430.889373779297	110855	10.3695033333333	430.889343261719	86135745	85754
1180	426	430.889373779297	105227	10.3800333333333	430.889343261719	86303782	85828
1181	412	430.889312744141	100562	10.3904866666667	430.889312744141	86465303	85896
1182	438	430.889221191406	101230	10.400985	430.889190673828	86624112	85964
1184	416	430.88916015625	106872	10.4151383333333	430.88916015625	86791566	86019
1185	491	430.889251708984	113221	10.4251166666667	430.889221191406	86972834	86078
1186	482	430.889221191406	114029	10.4355983333333	430.889221191406	87154513	86144
1188	418	430.889251708984	94193	10.4496266666667	430.889282226563	87300643	86197
1189	542	430.889678955078	60623	10.4595933333333	430.890014648438	87398137	86242
1191	528	430.888885498047	56017	10.473665	430.889251708984	87489170	86350
1192	667	430.888977050781	58670	10.4826566666667	430.889190673828	87577208	86458
1194	688	430.88916015625	48594	10.4958283333333	430.889373779297	87653953	86570
1195	491	430.889068603516	48108	10.50497	430.889190673828	87728929	86670
1197	360	430.889190673828	92350	10.5182033333333	430.889221191406	87879080	86716
1198	457	430.889007568359	86591	10.52817	430.888916015625	88014402	86769
1199	393	430.889312744141	103280	10.5386483333333	430.889221191406	88171493	86811
1200	424	430.888977050781	89946	10.5491433333333	430.889038085938	88313326	86855
1201	332	430.889099121094	88190	10.5596866666667	430.889068603516	88454721	86904
1202	324	430.889221191406	88097	10.5701416666667	430.88916015625	88597869	86951
1203	368	430.888793945313	95016	10.5807283333333	430.888824462891	88746865	86998
1204	344	430.889129638672	82546	10.5911166666667	430.889068603516	88880407	87047
1205	429	430.889221191406	99771	10.6016766666667	430.88916015625	89037332	87098
1206	386	430.888946533203	77024	10.6120816666667	430.889007568359	89162385	87148
1207	717	430.889923095703	41848	10.622575	430.890258789063	89226761	87207
1209	658	430.888793945313	50349	10.6366833333333	430.889129638672	89302735	87329
1211	580	430.888732910156	54530	10.649395	430.889129638672	89384592	87432
1212	622	430.888732910156	48043	10.6585966666667	430.888854980469	89455496	87550
1213	550	430.888977050781	44774	10.6683233333333	430.889038085938	89520980	87657
1214	582	430.888793945313	48464	10.678115	430.888946533203	89596899	87761
1215	302	430.888092041016	106011	10.687795	430.888092041016	89764911	87817
1216	384	430.889038085938	83950	10.6975433333333	430.889038085938	89898628	87862
1217	362	430.888946533203	102107	10.7080383333333	430.888977050781	90054308	87910
1218	448	430.888824462891	100481	10.7185783333333	430.888793945313	90213591	87956
1219	390	430.888916015625	95414	10.7290333333333	430.888946533203	90367903	88008
1220	384	430.889007568359	85685	10.739515	430.889038085938	90503898	88054
