mass	intensity	angle	magnitude
427874.951690636	57652193.34375	1.56337480349798	94436.9878673198
-317634.932998776	7258324.55631578	-1.52706276276845	11900.5263184323
-5189620.42207674	712973.294255049	-0.136529782578259	8580.45407305345
1677404.94561633	2311638.61167352	0.943072303160438	4678.31173723612
-918434.448790951	-4856326.64910009	1.38388267255073	8095.67795440094
-3536249.30953942	-1723337.58803598	0.453464263717634	6443.60606637169
-976585.65104552	523235.263637349	-0.491860396967049	1814.78065051633
78005.3658836351	-118313.218188059	-0.987902469782553	232.127746262103
-1916011.49788468	-2680856.80947567	0.950271795922232	5397.4809241562
1342646.0049424	-251650.064294055	-0.185278832473841	2237.55223605785
965780.025154706	-1472308.43825261	-0.990240527391835	2884.19633281044
-3954381.98564667	156036.845530832	-0.0394387636215681	6482.32487251504
2077573.03026931	530711.792013381	0.250099545605905	3512.34484067217
-438693.097362028	-601086.873175729	0.94032745537251	1218.91654195673
-1867741.38731205	2113776.5665128	-0.847114004628085	4620.35790112358
-172404.359825642	-768889.550631253	1.35021953867427	1290.71453040921
-1729747.72041483	-1383664.13356648	0.674693688810672	3628.29513065977
-1144384.97949426	793582.698733036	-0.606321723014225	2281.11385088836
-321465.457303156	-841554.410311815	1.2059114730294	1475.61481595473
1264578.06193202	-400236.06726474	-0.30652275844896	2172.65131524599
-535174.68619402	1356266.20555582	-1.19495885008359	2388.26591111603
263132.682266603	240546.533655797	0.740585856010286	583.96870374889
-634832.354570754	-1569728.82930729	1.18648398662281	2773.52941872582
50668.4112638587	-597737.976225071	-1.48623155816512	982.607100889156
495897.017029361	-849507.128691604	-1.04241348532662	1611.22771372218
-330796.892278837	-1193305.49825883	1.30037613424174	2028.34913897437
520462.242382013	987235.74907045	1.08563293568043	1828.05339744473
728914.768277772	1036633.443665	0.957955546785634	2075.7595620643
127782.741050068	1246314.1328741	1.46862482291258	2052.16657647536
-1263963.58698998	928411.823785694	-0.633522793176945	2568.87147962473
-1169887.54302233	831783.542850568	-0.618066736754568	2351.260335507
-2783613.42491391	-1588564.41142562	0.518584849934872	5249.79923328312
-318017.75633074	26835.260948843	-0.0841834705630381	522.764892022115
989738.098383903	767071.185353305	0.659325318192224	2051.08921267689
640147.224484328	220118.705025546	0.331191208541724	1108.82029895961
-1585342.49504458	-785673.521654382	0.460110165840172	2898.19555362211
-1731020.04006971	94474.1433035878	-0.0545230593039862	2839.63339549602
-390748.104478804	1508978.70369439	-1.31741323307157	2553.23465751746
-1480039.4234839	-1601818.06681122	0.824892306414732	3572.32265583707
-464026.223881622	-490886.617151498	0.813519381708546	1106.45768783617
1204710.65704942	-2052605.80346463	-1.0400517114694	3898.48462515465
-412365.183441998	-1392999.25874392	1.28298859769152	2379.61218844927
117997.979028109	800425.490770162	1.42443146975589	1325.2683351453
369370.792764224	385185.300160949	0.806353785596543	874.150537230972
590994.684810616	842083.615612219	0.958847096193209	1685.13635517301
321750.505058719	-604988.573351149	-1.08201087802456	1122.4011793028
227470.938210849	-463867.400241994	-1.11487491402064	846.255744509913
87893.0447615787	785059.758136298	1.45930347256088	1293.96324853743
-660413.935693151	403485.112682124	-0.548437844929305	1267.67655144294
-207468.454105895	-1871.36332485351	0.00901974511685726	339.847491848024
-629730.197318133	336711.452311164	-0.491014210684121	1169.69228291993
-601471.994379374	868377.457285843	-0.965027811158825	1730.2818221687
1135982.67585608	-187729.770060443	-0.163777380644479	1885.97882996948
203235.857694678	580101.859603885	1.23381408073661	1006.83549334438
189273.378134831	1420542.01058772	1.43833624922664	2347.4135212908
-635050.187980077	-15224.4861359602	0.0239690826605698	1040.51212972869
910837.27350153	893844.129287294	0.77598229531733	2090.35057918696
-531024.937053642	1145519.54148063	-1.13671762160407	2068.16924281976
-6244.96986006782	1543051.65406205	-1.56674919347468	2527.54183651449
-361757.245506946	117290.632906311	-0.313530503287559	622.926223880327
-1012405.2819015	233299.566394699	-0.226487079043387	1701.78291411051
695828.090697343	1382546.60676787	1.10451659969927	2535.26031406757
135220.103879166	-1035281.43690662	-1.44091961219215	1710.19618717905
-680761.061060063	851344.166203233	-0.896280515284073	1785.5138354228
-1213485.58503305	529924.766113898	-0.411735731488266	2168.95634364687
-907658.887325653	652768.368232861	-0.623481529785276	1831.30575553828
-282330.233880295	345739.77426472	-0.886016577832629	731.155113293798
-224772.021155883	-569790.158056996	1.19505578747019	1003.31215327156
577818.58742576	-242056.521825854	-0.396704811197621	1026.16021810555
-187786.651119028	540603.312270818	-1.23647090253891	937.411847899882
946903.272033881	828107.285893641	0.718570904278841	2060.49113917691
-557442.159470388	40799.7116854383	-0.073060658878821	915.53357855452
-1850912.48204576	1216407.79887443	-0.581415607454879	3627.91477376966
-897941.666469274	-677632.149808227	0.646470806778575	1842.64960446958
-1673682.15436361	-1005764.30704278	0.541102380409062	3198.41528169219
-995196.926551165	100865.14895971	-0.101007036717702	1638.48535109371
-1159889.87966324	-1824221.52903282	1.0044489354954	3540.93702989745
25596.1270445824	-253288.088885497	-1.47008284154934	416.999372760172
634273.824944687	-679626.018945565	-0.819901703075724	1522.72037448283
-474325.627302258	-842272.341691204	1.05791327286943	1583.37028075312
276920.643314119	-243745.093258697	-0.721766623997249	604.279902055798
-1360325.31206346	-677328.510995021	0.461979474915706	2489.14755243097
265395.562747595	154167.027278269	0.526253445523523	502.741841961885
-1528670.68168567	17724.8077966666	-0.0115943961986827	2504.1333940358
-488780.510737352	221127.544900915	-0.424853480244971	878.744414630384
-447024.188719838	-1841036.97301082	1.3325950598145	3103.24490343577
-32987.9459113939	-2207769.44632771	1.55585568551722	3616.73363054064
1246899.75792396	-445090.874077154	-0.342860006666349	2168.64543867081
-406248.59024394	-430319.310277261	0.814163408432533	969.349144450309
-45259.3654320266	230358.561238683	-1.37679386758595	384.541518235927
-477684.237799469	-808650.319714696	1.03722983915722	1538.41194992697
774208.209521067	-34893.7954355541	-0.0450398184909888	1269.4416830366
-158451.176920824	-473597.809666483	1.24793402544907	818.020151268809
-177594.114948428	-666949.586375467	1.31055667502455	1130.53138263352
-1077325.24201187	958491.798678927	-0.727092946179551	2361.98257556891
-325737.301591125	516861.347339182	-1.00845080072967	1000.72441853884
-1547625.30250717	-638043.316164393	0.391041124973175	2741.99876815592
-193836.326880017	132128.873842042	-0.598305278217884	384.252145856436
-535442.705947942	-1951187.41553671	1.30297043935308	3314.20446937535
-516319.310844608	-987070.953081727	1.08885387974028	1824.65934646182
291378.756825358	-1411326.87553544	-1.36719959069911	2360.51047516194
574158.226344113	684458.805743613	0.872811170342937	1463.37046383325
451329.882872622	859922.643791963	1.08746739301995	1590.77336834012
138845.250270949	-459296.999281676	-1.27723124264601	785.953634895914
230328.788056366	-105130.095517348	-0.428192281774953	414.720819775731
-1473443.83812285	-738883.126577016	0.464820338744701	2699.9638761468
858389.772017836	-925.170364474703	-0.00107779709916572	1406.04466927248
711846.786742349	87866.2740728497	0.122813036856692	1174.85526741318
-828981.277973291	1304381.16594117	-1.00465636370585	2531.55799340893
524081.638780984	-285538.860186166	-0.49887034993976	977.591989913136
22791.0446808136	-1697968.8520994	-1.55737459877627	2781.52629319732
-189099.001304758	44593.2867353361	-0.231588704675306	318.240548997115
1410456.11565917	-1213433.77942475	-0.710450925295968	3047.6551209853
37626.002607401	612842.736440371	1.50947744259389	1005.72758441308
334831.162581097	-512331.380948688	-0.991933665420523	1002.52572034629
-1305390.83679384	516311.275170994	-0.376640399801542	2299.4081056491
200300.942109639	-108075.028160133	-0.49479505855514	372.805283333204
114150.268069969	25464.8546209264	0.219487985003873	191.574375767726
-1423289.33621646	794323.004587724	-0.509032828688325	2669.84296613944
-437404.127392432	-651493.192867071	0.979532844791186	1285.35205602068
-767187.430635131	-769000.361677314	0.786578312211025	1779.27856111013
353051.659527766	-18139.8548357449	-0.0513350298243135	579.062025879419
-220204.887071679	-770008.102702491	1.2922534618524	1311.83650983838
-395661.136873341	509838.844502167	-0.910829739275864	1057.0929361516
242841.176294609	-402297.456146108	-1.02770767805196	769.712778090581
-119844.285697673	-708191.825012242	1.40315877811027	1176.51206703872
385723.699900097	447768.469484849	0.85970065793309	968.05671605274
12834.340503922	-615204.22901025	-1.54993743398204	1007.92479759246
-1381402.76417155	611200.66101152	-0.416557032960814	2474.32595858804
-97795.5461928766	-1062542.68043823	1.47901573829738	1747.80294815144
-315266.358428188	734643.648884876	-1.16542270487576	1309.47363519245
578328.419367146	568778.706171427	0.777073315287046	1328.67376714406
412913.413405319	-214413.75900404	-0.47894490028367	762.103471039914
80398.3411308129	-763126.129408515	-1.46582960598252	1256.91987399377
744851.78411049	74132.0843825119	0.0991992779940046	1226.09619481483
540629.935801135	-86059.9811470945	-0.157860152410641	896.702371878562
708612.704178064	286435.470798803	0.384139058828655	1251.94903360231
879690.756606354	-124302.62875648	-0.140373314116935	1455.24897099827
-418494.191998047	-94846.0317435791	0.222871477810161	702.878619762944
-770080.955840074	874611.694420221	-0.848869190040655	1908.79578216416
276930.72349156	286486.518631857	0.8023569611117	652.667402029434
-229696.359110918	-239486.24035603	0.806260959345128	543.545309713432
-179729.695699338	533468.592391112	-1.24583226696401	922.082179162488
-343403.235842793	-128383.708684409	0.357768224847025	600.519546657803
-213162.745351974	-744836.137190428	1.29205928040088	1269.02238642486
1249350.53064067	153313.925441952	0.122104420779243	2061.7892410008
-145950.933826253	764870.447133935	-1.38224514503858	1275.46432060401
-1271967.14585554	332920.459243353	-0.255994084567895	2153.66785799037
-662267.392317083	100569.575836477	-0.150705051328908	1097.231678088
-340897.655438048	-1117284.79636574	1.27465570993542	1913.40504483198
-177001.939303022	61485.9349641736	-0.334333804767812	306.924123964519
265952.381564381	-566856.321216936	-1.13211490277225	1025.62548547893
-538592.318931592	161129.685971847	-0.290693485930375	920.849006438386
611173.924762975	23628.3137765043	0.0386412957838871	1001.85175414562
1024445.6085737	-937557.925998692	-0.741141898272334	2274.70229877306
-227784.786740683	1153906.59018628	-1.37589898797794	1926.57566948745
-69033.8324963966	699460.631628694	-1.4724191191397	1151.28427642019
-939489.404192093	-98783.3217265966	0.104760819979794	1547.36847264307
68766.6242128417	648712.936975186	1.46518602318607	1068.54635194812
672120.950157261	256574.697026962	0.364665598442591	1178.42481118378
-332225.466417034	-583895.576561811	1.0534972794399	1100.40043609397
394775.519428672	-565440.775568549	-0.961297545856013	1129.59303300843
65813.3951938554	-890572.669324878	-1.49703033182203	1462.73737251516
462387.068712772	443790.031904031	0.764878524803424	1049.79343995417
306054.10721391	248111.89246519	0.681219194710203	645.357320573614
1068750.93131493	1024155.95575161	0.76409371420346	2424.64302359361
-305066.643300554	369298.95430757	-0.880360180059676	784.613683747805
-256571.404240571	561090.690633759	-1.14191098080073	1010.59742947051
-546124.872839052	-1180299.55789459	1.13743122694583	2130.25839465264
-1016063.55105369	636465.31604612	-0.559607620145721	1963.87669185884
468315.264547087	-35760.9057252488	-0.0762128500558262	769.334389525393
311.790428006712	126495.313058949	1.56833149399557	207.200159401769
851844.113431137	-41277.1466643653	-0.0484183492385336	1396.9592045047
-99880.2286220904	-234808.423640486	1.16861315916811	417.966717826187
-294327.01255949	446867.802537513	-0.988368124992902	876.475105457861
-506321.293743324	-1001661.28279846	1.10277310307707	1838.42358406947
-844299.200182707	-4072.57311005075	0.0048235761963933	1382.97956164637
319710.498092985	-1152664.76652258	-1.30023140917701	1959.34772578473
670013.572573111	-473161.593269874	-0.614872946004056	1343.56087701318
818615.822641855	536007.920477644	0.579723593288911	1602.76292936906
-703487.422445813	-1151706.02077072	1.0224574203093	2210.58702410313
303935.573635226	-26086.5007232209	-0.0856192171459229	499.67732879789
-666405.229410079	-220553.622995954	0.319613236264556	1149.80228283373
-347392.746608801	374721.960566408	-0.823226193726818	836.982402913763
-445261.002664584	269678.112915546	-0.544573066847237	852.679598180413
-796193.426293426	-97899.1949106844	0.122344950971033	1313.98795034557
661070.430743461	-89897.0094536836	-0.13515797152449	1092.80072830317
710296.64212668	-1031401.55727563	-0.967714056003078	2051.30555301996
376493.975741431	-546541.441168928	-0.967581798769716	1087.08932842406
430754.888243582	-189532.825721182	-0.414508187226785	770.857677458175
346437.653247164	270594.214002038	0.663095071682737	720.050832001944
479100.979718404	180110.622080208	0.359589769802676	838.390597060942
-213941.638544312	182018.205476314	-0.704949264199167	460.105451957076
402974.365094458	-781234.319870451	-1.0945749073154	1439.8727610723
205274.468268907	-235742.572306268	-0.854374565874907	512.022040211927
1283873.53003453	289323.574844062	0.22164953513876	2155.72427256434
422114.329010617	363851.49536139	0.711404533862997	912.836456065672
1306575.25851461	179294.532299972	0.136373061751239	2160.22885017116
-42597.7916035949	524157.447492919	-1.48970546306729	861.401376592143
-718751.364809718	1257516.41811463	-1.05154797586266	2372.53161799493
274216.034624297	-764771.550037035	-1.22651664246632	1330.78934499691
1021569.67090184	242462.699270909	0.233031446024834	1719.81806515811
965632.143701966	-106421.105453552	-0.10976577021021	1591.28372218653
275014.593168166	582492.800095875	1.12968907287145	1055.12087349405
73170.1851651637	300632.127681712	1.3320505492851	506.811450661514
-944359.544269337	-204160.122506733	0.212912325458322	1582.59807530954
-1324293.3917847	-520072.281774345	0.374212043644784	2330.47293420648
139252.915417678	-733349.542345986	-1.38314427340179	1222.69216327052
363634.904033153	920858.993977673	1.19470578550943	1621.71396772175
-607103.007471097	794767.07807566	-0.918473953416439	1638.18899016456
-760795.457449767	421705.073602421	-0.506134689491455	1424.82125606472
849911.959590687	-619569.452050561	-0.629912513873057	1722.79826678876
64959.1823437229	-554001.012373748	-1.4540746737297	913.671406929614
221503.733562913	390102.945940361	1.05438351279941	734.811646986467
321548.052215704	-1102724.97595065	-1.2870691336855	1881.48965455318
988127.211020045	329455.903427948	0.321823569310313	1706.14723761264
1016952.11406699	679143.081613863	0.588802082346961	2003.0737056247
-843625.794238341	1114761.55648635	-0.922972092180724	2289.92266272471
370938.290976931	595064.393925066	1.01337847691999	1148.58474568877
-604105.336064989	-643413.875263399	0.816897107504953	1445.64634240018
-22575.2683345703	1158171.07373435	-1.55130662412482	1897.44647556436
120735.600964758	179919.019779174	0.979761631099334	354.913564158127
-1159615.91891771	-1508218.76717586	0.915330829867011	3116.2665524575
993241.079231285	272110.761435867	0.267401355092718	1686.88094481083
908627.988780297	-158492.808412186	-0.172693435221081	1510.806610635
320474.877576084	-832108.068047226	-1.20316893677869	1460.58685898102
220704.104044785	-299251.752232644	-0.935330484397309	609.067760907278
-572.50211586761	254560.093223901	-1.56854734446859	416.970904173207
754747.442347949	839695.247039613	0.838625267468643	1849.36972338545
196483.859290598	-55078.263178168	-0.273304978993121	334.246754964716
-1081721.17931077	-14210.6866049526	0.013136351077354	1772.01395403304
-416692.256807648	44573.9875489641	-0.106565763220602	686.436588840095
182397.911846655	-5948.27032596694	-0.0325999509983415	298.92690760839
665724.163266199	-427783.814474119	-0.571144311305219	1296.18377814777
66306.4801752622	-95698.7166203225	-0.964873687894201	190.704432512669
990119.491930098	225584.621727896	0.224011909815371	1663.37838830145
-414066.847630846	669322.723125639	-1.01678677316368	1289.18560901407
-830357.630638971	664207.183348669	-0.67468298539933	1741.73188242888
61692.7740160556	-341631.160511017	-1.39213875897656	568.64341745125
-27398.0298988733	329669.098942076	-1.48787920848805	541.860168751525
718979.893231449	-1015481.12965943	-0.954708760431247	2038.06770701136
290517.111784892	1234415.15642965	1.33965462477768	2077.21663143383
-1229709.70352897	-234410.957987921	0.188363175123754	2050.5362953393
69352.0106533358	-778617.976749933	-1.48196010985173	1280.42668203415
-857725.162351999	-1274144.70345655	0.978299965221303	2515.88583086206
821057.075304808	-339254.23779973	-0.391826832505347	1455.17631615605
1701296.70833294	667582.62623896	0.373934373211987	2993.59175887417
363978.42771162	-203550.83510872	-0.509908607335223	683.094286179503
188276.836095704	-448422.256888423	-1.1732830499003	796.632607362914
145568.050336964	-253541.096782155	-1.04960870372277	478.88272845046
902966.441654609	41903.5231595925	0.0463732420074209	1480.65227996639
-56749.0426683436	-23200.913913005	0.388098255156163	100.423477899078
-894589.353666499	114898.462807432	-0.127737772752476	1477.37556960352
383002.705731662	-1178752.53009333	-1.25663491922828	2030.16317741224
411393.195955644	257908.357368596	0.559974845850014	795.335541074234
193871.518785344	718611.589309996	1.30728373865424	1219.17154272983
374907.612798992	133137.036936141	0.341228398985403	651.671883013606
148562.764221346	-394215.524752032	-1.21039885371573	690.057206547391
513654.247446191	-645343.374268741	-0.898536241360287	1351.03737114533
64964.5317022013	-974869.195129995	-1.50425547916353	1600.37901799314
-379057.649277778	-524101.867586677	0.944634940023853	1059.48127530438
169657.605219985	513942.073253865	1.25194924338496	886.520864589098
-267195.309505793	74476.9432513932	-0.271836182345136	454.350323709369
-126556.016202672	391295.544520143	-1.25798671729626	673.632287834423
28298.6830064359	-393497.909932683	-1.49900420942315	646.214836435156
254194.010072002	-726950.607079091	-1.23441406407378	1261.44395954835
367719.108458945	-164178.011301282	-0.419920080808336	659.632354843653
-168947.554484058	-531423.457299283	1.26298574048533	913.403186448341
-142122.645560303	521268.943764827	-1.30461858054721	885.00632493811
505521.029858684	-903848.839341785	-1.06084242092535	1696.33575098366
126246.840378151	690415.930148521	1.38993819950412	1149.6536194534
-94258.4364363204	848652.571910883	-1.460181350632	1398.64224628039
162374.037045584	1040.41276485561	0.00640741922594771	265.974398423201
-1032353.96719779	-894458.277722925	0.713953223195137	2237.42289421023
-376711.990298592	-418546.533016372	0.837954679443005	922.37546864959
363142.002835811	-509453.291777982	-0.951526504862192	1024.7854177728
-746386.365847223	-692011.704741669	0.747613920095058	1667.20310163464
287088.657651334	-246750.757631072	-0.70997962033832	620.077919606485
459969.098459494	-946489.395973501	-1.1184324662757	1723.73018630787
-3988.60560732256	485694.722177306	-1.56258434555356	795.595576489033
436226.495309888	260672.550510592	0.538625218023234	832.394549640065
297136.060925137	31573.0766220671	0.105860753145594	489.449300867356
-177733.328440504	745374.564503209	-1.33671901276573	1255.15436305579
-318123.657983573	394712.851998957	-0.892430425575368	830.389122395185
-615031.350087066	-798652.518161288	0.914563443060009	1651.14254339405
-74249.3105804125	-935206.562700002	1.4915690255344	1536.69023496235
1087354.41889316	76732.103293392	0.0704509136929412	1785.51754430844
-15175.5833330695	-910639.193777546	1.55413310952321	1491.83559987609
-156450.13324861	389082.61837227	-1.18848088938246	686.910645385428
-2630.07563743051	-239921.129401169	1.55983451489155	393.014815303409
339426.522372284	-456583.820007623	-0.93152963959765	931.905110491076
1133408.1753147	-255801.358559697	-0.221973168675625	1903.2200545452
-83086.9069359071	-709249.296145235	1.45418017578274	1169.69603862845
543155.057948577	-29287.9443268344	-0.0538697149859529	890.981351976024
-78404.1243447522	51385.228335627	-0.580154544444145	153.550299522691
-435960.560684237	162986.503600556	-0.357767399192396	762.377083628557
46743.7847143945	295206.168326539	1.41375727126185	489.572530269775
848.692829389911	226227.213314617	1.56704483803479	370.563153558214
955128.303705303	432684.979320601	0.42535622670943	1717.54947595148
987953.513317601	631877.199158421	0.56901653588254	1920.9513201402
-84901.053356608	495459.228148298	-1.40108631437773	823.392053511522
184781.135732588	169676.162184534	0.742809563525266	410.919957679033
-575264.569397581	1165926.20396032	-1.11244500319271	2129.59946032405
49826.9087214951	-29271.9792748841	-0.531157781628858	94.6584919986652
-1093262.28973819	440017.511941902	-0.382643505875017	1930.36796999471
-370870.818031829	393569.967336034	-0.81508323753609	885.797729872709
-812381.358424153	-305539.960588899	0.359738297804472	1421.68553323081
411063.692486008	-461743.160147672	-0.843397967783909	1012.6243573281
-365796.956876998	-336485.554178047	0.743685035421181	814.121323167716
-76521.1880275314	330496.503383724	-1.34327146891274	555.674838823497
-1592.20063702692	-487156.900565311	1.56752798559753	797.96806305503
-312143.957265532	-257755.904972247	0.690251918905599	663.081103102152
1029424.32734163	-662099.841444621	-0.571562253788095	2004.85689201771
811460.920711421	-1202748.08800909	-0.977271762764814	2376.55455001582
172992.107640223	567444.669523865	1.27488530961884	971.70879782557
1798767.61571595	-646571.790016116	-0.345070945903588	3130.94919556084
-708936.774222545	-47940.6771953454	0.0675205498434271	1163.89169506941
1177982.42988639	-223411.255311353	-0.187429763460623	1963.93267509708
-1143204.50696848	-125330.52877832	0.109194816055632	1883.7903950981
391029.046044275	873986.672893201	1.15009960224051	1568.34394490506
-63666.9286110119	-1054958.04853037	1.51051923576665	1731.1670079361
-47011.0843746451	371177.16006726	-1.44481307856688	612.845843757952
662638.916960795	276985.093370357	0.395929279160556	1176.41258964632
-729691.503741967	-59282.4904393366	0.0810651811844288	1199.17394497554
563674.419191536	-232335.542436992	-0.390962414653765	998.655431828242
900396.857043843	86406.797932866	0.0956722625910331	1481.62715749602
283714.562518525	1123880.15160031	1.3235206268457	1898.66969191326
-769760.255350336	105065.424298457	-0.135652848958139	1272.5592390317
287421.924855892	-587933.348389938	-1.11609374023934	1071.95535971266
290588.604124136	-392452.310343978	-0.933439745774423	799.875887166896
-480111.422664754	633177.15764656	-0.922031236444235	1301.58818828363
213291.055287652	-29055.0096242075	-0.135389008125028	352.597755426094
-245065.612041035	838292.640234783	-1.28638272932903	1430.59700832665
16180.9693935449	187490.708231258	1.48470685998778	308.251669512318
145603.244207977	24812.376189591	0.1687894638671	241.936550065441
-356367.785038048	601387.85129003	-1.0358538069145	1145.03853495377
-265564.659382725	-71134.7436680145	0.26171825529468	450.330532976334
104594.962243387	374461.161293074	1.29841713281293	636.846247372919
408129.213448974	142326.94068736	0.335543056108066	708.000345158114
-25527.2603163928	-458022.30070839	1.51512026439853	751.405590504585
287209.835869963	-476555.039099234	-1.02840911460276	911.403592784478
364074.65693289	-717445.721647915	-1.10119893035011	1317.83183964813
-664434.508348394	-228147.524846836	0.33075706623959	1150.71743749977
-241865.509618178	-983156.654167506	1.32957729268951	1658.42786664597
509639.84356876	-550396.05554265	-0.823827189473972	1228.68531310905
1092830.60134142	-166908.676935743	-0.151559388523007	1810.8159816321
1115199.98778898	-358803.400308393	-0.311279672741415	1918.91797012032
1314108.18705996	-1141167.12392716	-0.715077777605777	2850.8489063765
323933.243359981	174041.384308019	0.49302143559314	602.337435189554
-83409.6709866404	600308.842936069	-1.4327356485284	992.753159606643
1064124.99957963	-103557.757789391	-0.0970118013711003	1751.27289949484
583503.134547116	-406245.828425572	-0.608183708351257	1164.60831498428
889210.985325524	551266.985736472	0.554960125966245	1713.72195497093
246888.759437258	1039484.73244166	1.33760638565877	1750.04402283655
299210.003248292	-268955.566799855	-0.732199076377386	659.005583642745
-22102.351918897	147406.596994393	-1.42196368756195	244.151376838003
-669594.662459422	-599863.196896202	0.730523196294933	1472.55606326095
-112960.632132803	-382972.125045874	1.28397175923185	654.027928727049
394301.5829809	59182.7112722302	0.148982893487004	653.101328945686
466145.635693595	449499.597383984	0.76722059390774	1060.71406420709
-315558.304391294	-147382.813351294	0.436945295495528	570.482690181006
-504260.014659349	-371126.446161903	0.634469254935681	1025.56824978876
-460932.059168703	159963.207041077	-0.334038023234591	799.181302636553
-258969.495263103	-542416.087422653	1.12536151733177	984.547194762053
44358.0708082584	54319.688439664	0.886008302668045	114.873639932357
541545.713073302	-35643.0309889636	-0.065722423924619	888.972003366416
-654749.631415172	303226.689681016	-0.433709588814484	1181.91041391343
-829769.257125442	452079.858091784	-0.49886216662152	1547.79733265798
676200.235475357	56034.5255728443	0.0826778627727508	1111.41353528967
391488.994740115	624487.83866772	1.01083468079367	1207.29576455845
70690.5946203059	487084.042531402	1.42667240841351	806.203081731058
-290505.493770978	-209906.693987484	0.625704831367637	587.068246865679
-1106666.79028678	889959.234914713	-0.677284495382781	2326.15773857799
-481989.825218889	-249932.465059165	0.478371749963233	889.331458104739
-678504.890946241	367006.113347604	-0.495833024389097	1263.55915020999
-168199.460013779	-671770.687233602	1.32545792592513	1134.3287469476
-720813.483070936	-1035032.60414731	0.962479642565857	2066.00294614182
579876.200079498	337915.965115118	0.527630234386801	1099.3463666882
564996.199803751	-564912.147593308	-0.785323774876927	1308.70738210376
376751.797993074	-9526.72395938725	-0.0252810850757738	617.317325744143
-116834.783044417	217182.76759366	-1.07724691269177	403.954986366165
-197676.995039538	481177.435527577	-1.18099787041851	852.088261316906
41516.9498123888	-501887.327012185	-1.48826258643858	824.900204416295
315096.480796829	-460041.629205393	-0.970255972954656	913.359014913941
-23667.2275436844	-217362.015384491	1.4623396736491	358.143667617076
-166607.633127809	-1322466.94675998	1.44547410881029	2183.32588206086
-37321.6749094596	-537361.022862984	1.50145404932488	882.318634849412
360263.793105468	-715385.077598575	-1.10427747435086	1312.00333059405
100228.446536541	480974.043585501	1.36535008468732	804.760343589935
642555.994753355	-288078.421160469	-0.421465959430747	1153.44556350936
-155032.426915709	-289067.805257491	1.07851774935484	537.292625840727
-253389.621743831	-164909.223492214	0.576946436365419	495.211410023952
139804.943902262	1212737.5518811	1.45602250865208	1999.62218565229
-275620.823643689	307244.263398966	-0.839600183707263	676.091750516753
-76350.7794670494	-1033744.27327564	1.49707171132873	1697.88700195023
410935.341057181	938221.138408992	1.15797122441201	1677.75411962642
267491.885700314	14878.3033733381	0.0555642594124369	438.829390720958
-197191.595862173	101035.477147042	-0.473496250116864	362.929909429148
73206.8165541885	282434.633944572	1.31717855657788	477.916446807363
-791105.926723545	-303801.167189485	0.366655807785521	1388.09765396245
662888.654093374	425508.57574466	0.570660301142604	1290.26181901209
-695198.378747925	-189326.846781112	0.265886892473527	1180.20881442695
-913579.916418906	937422.841755233	-0.798278536844076	2144.08711235336
234934.238835087	-62325.3411177076	-0.259315238154083	398.13396233865
-32374.1900028108	-161109.47501317	1.37249200075137	269.172820223849
71322.7819261855	627935.453641214	1.45769804567499	1035.17280973303
-1858424.40470019	785936.473187187	-0.400094598124135	3305.12746445405
-1195372.2742953	664627.181215524	-0.507438188652362	2240.31931627002
-330999.25697781	-1184719.14209848	1.2983529151873	2014.88846659107
-721336.771955068	-760341.884822652	0.811717032347565	1716.73709117715
-225912.464828891	277485.272822659	-0.887491394877534	586.108294965692
392455.232133354	-261107.434279052	-0.587068160662044	772.11964331143
111037.43532366	-496763.178884953	-1.35088923322158	833.77818026302
-172926.070239076	-219004.7006945	0.902429213567677	457.077260865185
-592115.89424167	-93099.396740071	0.155954915404672	981.802290678417
-264128.51255635	-480577.399876131	1.06825519775444	898.244178039246
-982846.351699264	846110.642211449	-0.710775409075866	2124.28678718897
-292906.125775064	139548.334966959	-0.444611852083243	531.449464364371
-141560.653496831	-177027.698618401	0.896267270328537	371.281986101254
228267.668195079	-431604.642402957	-1.08431144244861	799.755361874791
820850.582061204	-714128.221803162	-0.715982942829188	1782.16896336603
1264254.64473287	362901.855535058	0.279532345237022	2154.47817069837
41181.1518841683	-150337.703198981	-1.30343044943348	255.32506397465
-348118.603924565	99310.8491674108	-0.277896971477595	592.96837369291
504397.156621908	272585.435590795	0.495457040600909	939.132652940488
1471874.10709121	-58376.9807545274	-0.0396408900760321	2412.82770904223
1119625.68355928	-101057.113270664	-0.0900158125162526	1841.40397437959
87610.459423639	-32893.1492296161	-0.359163154041823	153.287129219655
461502.073206317	-1498760.84371046	-1.27208719371084	2568.72304192847
1296763.07288644	87758.2136570251	0.0675717934567782	2128.95854465376
-125793.1412187	-1075656.6459587	1.45437967752873	1773.9347009114
121307.669715717	825088.459100235	1.42481831684065	1366.02513010414
366515.63936787	886934.150368512	1.17892950938601	1571.95758143714
100286.806313104	754280.105360094	1.43861459032647	1246.3846270082
-521418.035636194	441948.340904222	-0.703092854990615	1119.60150384032
70747.4277119421	-679133.282119963	-1.46699760982916	1118.4411604545
-311832.063606402	295548.330653843	-0.758594806884383	703.746300136511
601260.180496289	-1275371.83981675	-1.13025735401767	2309.57483659318
357614.958872796	488649.896033751	0.939017390781181	991.859941761637
-350321.686681583	-920615.05527855	1.20718623592466	1613.45852313371
-394105.025833215	-63896.489773751	0.160732000550494	653.974144376827
-978523.842184901	-82089.2588438308	0.0836949409064496	1608.45385207845
-10350.9793346584	-182113.306524808	1.51401928750272	298.783348843376
-96880.8096206038	84803.3437196926	-0.71902075592699	210.89866409405
286816.609729095	-429717.801360212	-0.98224925596706	846.263930187623
22264.1021899231	682114.619008811	1.53816808484693	1117.89986976644
131903.209263942	-236179.835869971	-1.06146105664434	443.107059609749
-806766.782578128	-415612.243022421	0.47570022693936	1486.53154485656
723849.767776606	604860.219204627	0.696083726527003	1545.12649459092
-185385.728546019	185939.723254087	-0.786890100711038	430.085237044909
197182.549594457	1760992.41342689	1.45928839937523	2902.53485283198
1049028.6192122	836469.650706017	0.673138547069771	2197.69680539704
-46400.1783622086	-190150.105028822	1.33145501188774	320.605249238614
15807.152203319	-955842.653825565	-1.55426043423246	1565.88591234877
-546039.416424754	-64579.7997098089	0.117722627487479	900.647116097086
-206763.655333289	588964.820463963	-1.23317498147343	1022.4473519639
-725547.977563155	437382.402453522	-0.542498103403054	1387.69120025682
-407125.268406594	24098.1753182159	-0.0591220759165119	668.039054965262
97304.580504303	1068513.51355118	1.47998144176859	1757.46913160055
-357728.470103548	897579.985804634	-1.19154252909361	1582.70249218842
308070.142697623	-724600.956162352	-1.16879156807243	1289.71568135533
-434865.441480383	-158120.876011131	0.348746607402761	757.93676437241
172120.198873024	-856805.919151929	-1.37254911821897	1431.48762039447
647104.524391381	-326058.315433838	-0.466740981489882	1186.91082800153
213210.333154456	446721.961705472	1.12549141010767	810.801143621287
383635.238089617	137635.23184096	0.344462618310442	667.612681821078
-10847.3964795941	-1172559.21429144	1.56154554703327	1920.73609842286
249457.898729122	-1054109.84581426	-1.3384187757273	1774.32463405545
698487.061337015	649813.004456449	0.749313518671914	1562.67512404571
613596.386612668	146688.677633062	0.234659571463929	1033.39353311858
-375885.955707363	300630.996011459	-0.674614774603904	788.403467485945
228395.084829453	-1138176.27049952	-1.37275893965982	1901.50017495159
374866.664652109	817706.521447577	1.14094864371096	1473.44504342992
661369.907647294	76968.1864445249	0.115855751973391	1090.63637193137
-420646.745366275	-503480.621915251	0.874793957957079	1074.6544405496
638116.721926906	-147186.536203234	-0.226692955072069	1072.68077193463
569207.293755062	34881.5419746202	0.06120437377297	934.111512804101
-173679.130618448	1008451.81994899	-1.40024589331076	1676.16437383101
-496510.519028581	-34112.7720218432	0.0685972343478721	815.202291490908
406266.950234501	683866.86635051	1.03474619440903	1302.93401230527
-273808.860344622	517530.234253719	-1.08416537801958	959.047980255114
-266626.186556601	-315194.880304993	0.868682097698948	676.233529279081
-351003.195227612	335253.778813522	-0.762452455213591	795.060988118693
-31019.8557533816	574945.875009303	-1.51689593180381	943.131971669289
-760649.763118137	47100.7873950326	-0.0618428193473858	1248.33194138732
-8619.55018691723	262302.962404766	-1.53794709964967	429.884599373839
-1240942.22455822	719803.023785092	-0.52561788218376	2349.86392670559
548052.103712457	160919.316203403	0.285593787134369	935.607457976555
500020.143518974	-265797.393221625	-0.488586112109947	927.560856457452
-1317254.51008341	560786.553596236	-0.40248352578868	2345.05607478853
1347257.55625941	-860460.30036147	-0.56837294868196	2618.49553008982
-101931.137167142	376390.44342	-1.30632760098365	638.736050642158
195409.253801489	-58679.590114393	-0.291723510301329	334.200791267564
-562033.274393614	121674.527073605	-0.213199794931385	941.937954267483
23777.4105696076	-54089.5923346456	-1.15663042034595	96.7814934967299
426759.530513874	-487475.754995583	-0.851712816503145	1061.23837929331
-389083.640723612	1077371.09821536	-1.22423039356653	1876.29106106377
54957.941504061	-822879.982792728	-1.50410805325768	1350.881551787
-356423.263415487	63304.8974504381	-0.175778510691333	592.95897471695
-134189.898076625	255108.848196866	-1.08655760059438	472.152240881508
39112.0737894198	-795859.280808065	-1.52169137477136	1305.19209184558
137841.190046828	331581.52860535	1.17682209035784	588.192005422341
303589.515796894	283363.176768853	0.750951880381409	680.236825559558
-309118.952928147	1983.66004695953	-0.00641705337054679	506.347776537565
-453115.399939321	634724.109452174	-0.950817051478247	1277.41893189285
399794.933330699	528244.458192542	0.922933899887775	1085.14140389688
347729.916209762	-206914.283041758	-0.536766739932901	662.793059823283
459910.19917729	-242566.50892591	-0.485343363558651	851.69139539119
-882719.673225941	-851373.21288572	0.76732355679639	2008.82745114039
-15927.5354048088	128021.92276092	-1.44701977448229	211.316807370184
-10736.4037620934	532295.453054555	-1.55062905297207	872.078163343696
-529062.612819133	556564.894228252	-0.810725819674299	1257.82286541667
41208.3086114519	-242684.006531242	-1.40259829832652	403.206843753089
508899.413052749	640585.005040408	0.899461475752993	1340.0893349454
286215.289439871	128046.995264092	0.420672994406258	513.599651343131
707472.696963439	558748.137029074	0.668478398834823	1476.67196542878
-368326.501907115	-499115.758429934	0.935046703267893	1016.06411717401
-204152.821818601	-395119.005158758	1.09388847327411	728.491727098241
277969.85161149	-31321.7826398837	-0.112207205702521	458.196498804663
-173786.356460804	349962.699420351	-1.10988415144613	640.028234861172
-1045238.62435845	-729138.245585013	0.609100397598588	2087.51491749166
1339040.80784655	179712.920637777	0.133412973080122	2213.01660658885
86681.0021142848	-408562.802211506	-1.36173552172468	684.122437990645
-982541.91875261	1261324.22851151	-0.909006702539548	2618.92204823228
551944.811739413	-1067030.09846065	-1.09342677333679	1967.78223758994
804453.352569409	-209990.984691474	-0.255337864483193	1361.84978144433
-993222.114753647	1237028.54401642	-0.894283744126775	2598.55926662958
-772407.807502139	-144583.294692169	0.185043804926009	1287.17973936496
-290633.621204907	-625955.317215102	1.13611098514232	1130.44420987405
302748.72438901	-142324.888523313	-0.439450130693009	547.967648462141
586589.967288373	303678.25658956	0.477707982246126	1081.95962769516
637437.979215995	825286.938195684	0.913123030774253	1708.10329187965
-437016.677196181	322498.566523355	-0.635747523943014	889.645876362298
74416.9305088483	-574849.054969384	-1.44205756592261	949.460857586842
711453.490988815	-555089.557400863	-0.662562462349112	1478.10066430702
-764481.368038461	297204.253533195	-0.370784414084024	1343.52298361171
188109.035748918	32602.1714727283	0.171610548137435	312.716395918652
311688.205651336	722552.663276541	1.16354185386401	1288.96459477272
860257.637386008	-183881.72337363	-0.210582919908175	1440.9347732786
840303.248174273	173746.496728864	0.20389318915525	1405.53273041847
634146.14590938	276633.156401226	0.411343425209995	1133.26423591004
447223.804754413	817640.179357545	1.070283182135	1526.54774689012
186675.053054496	741021.267861391	1.32401526107864	1251.71632662047
-317902.624358218	212427.561972386	-0.589074325796213	626.281412049423
-726908.07885463	445254.759895107	-0.549583583923753	1396.29158563751
-517982.275715062	645733.383273141	-0.894738958753073	1355.96189658658
-706239.265717151	352911.57535994	-0.46341190189677	1293.21290589868
-290606.73187689	-276210.405127071	0.760005084420018	656.723170660101
631149.207028422	173396.31758509	0.268116202000039	1072.12882436686
39590.0874018864	550270.1380036	1.49897344246637	903.67319676571
-496476.252696641	208855.795204292	-0.398202745910743	882.257261684622
-284293.124385156	-652819.248477269	1.16007824213922	1166.31646380819
-167583.773178552	93135.0090353184	-0.507248568261055	314.045758601041
-52763.1726685905	-764482.634742983	1.50188745991713	1255.20275129126
255528.343873129	458190.313259187	1.06206794961719	859.339274255527
1214079.70753168	707788.021828176	0.527813137810122	2301.93343123224
-1250830.96898406	-279584.094806661	0.219904060029495	2099.42062195415
175721.13607647	-223877.755117885	-0.905332179084051	466.181041449608
1104442.66346341	51270.6982828919	0.0463889323221706	1811.02714699693
-116331.078236343	355670.491436972	-1.25468842071393	612.959425327292
36335.0815369515	941575.577307526	1.5322258049613	1543.4502796407
-424761.896397765	446204.789369587	-0.810012838705405	1009.09593460699
611784.218263241	-492369.767222766	-0.677666707996654	1286.33502122202
-797729.621889785	284256.200785315	-0.342304189836704	1387.16026995124
483054.024778908	-203600.083001046	-0.398889748535299	858.653808551779
-217762.472659437	-112419.335745714	0.476560975818429	401.422710883021
163840.604075114	634061.226031475	1.31792874744324	1072.70647785886
-1018074.75392851	208780.939234375	-0.202269872659787	1702.31300058147
-930298.271579972	-665199.093078319	0.62074778357393	1873.30729418469
384159.152618423	-225169.979143759	-0.530163917274709	729.37947741175
369412.162750927	-549049.468633638	-0.978544936222088	1083.9569929733
-112375.102523654	65981.475140524	-0.530920256567163	213.454420593376
1282463.80397859	124246.776131308	0.0965798988230835	2110.5132556996
-222312.173361418	-406570.971818682	1.07041482818699	759.020085522575
576463.628858552	-328183.848733201	-0.517544095223337	1086.54583120619
776319.477448437	1366752.89935388	1.05423652602436	2574.67880465858
369658.187133697	495069.216047342	0.929423529613061	1012.04207119105
546843.845896832	377815.515321406	0.604593800871923	1088.72629336419
-818570.957936126	316538.78699191	-0.368985778033327	1437.57878785579
-86067.5010427601	714914.966661983	-1.45098448773338	1179.48746285973
217671.21861858	-50220.2627932116	-0.226748438639776	365.912240425643
-1070655.69233109	800723.40961619	-0.642143784346752	2189.94239343942
-248315.302602834	225031.587805231	-0.736248241193827	548.913155570454
12595.6648041115	878313.136670847	1.55645656467282	1438.82628605557
-461442.144578934	750619.715722734	-1.01960305679561	1443.26332114921
-366360.991841814	618644.630075544	-1.03613228995323	1177.70102766009
-401357.943566009	371101.023413732	-0.746248562327525	895.380553019692
-845115.873485851	-423516.690949377	0.464554768931716	1548.39873524358
-526156.501937726	-1228735.37196337	1.16621011214338	2189.43369850591
-913987.503912642	-191037.872250246	0.206049422854003	1529.46610428401
-47182.661233662	-778012.147609395	1.51022536353044	1276.72650986466
839601.904734013	110357.523126141	0.130691102171668	1387.09837796487
-39868.5559263018	238460.083023985	-1.4051368118809	396.019588429994
-525766.960546328	695492.279074312	-0.923489322779673	1428.10862237104
-32870.1792684348	-151502.987686186	1.35714694721456	253.935712096341
219386.399279856	-670400.227691645	-1.25453352361292	1155.42046093477
-1060964.70066175	75805.5377348701	-0.0713284187073513	1742.2922064836
105388.262201003	-226393.49381251	-1.13512003383831	409.043807192915
334389.512065281	361425.144579233	0.824233274849895	806.529919363269
-916126.307125647	564246.830869471	-0.552032386856697	1762.40291030149
165816.295594975	-461021.399468844	-1.22553151588994	802.513447253842
1052983.16906415	-1508408.04741749	-0.961362933030687	3013.24120401416
879422.259267684	-132483.545436106	-0.149524007180611	1456.74936874634
58822.0910067094	263305.86947324	1.35100690078072	441.926707851772
452286.720060409	166049.143963525	0.351855338954032	789.196592721318
-306308.481300113	493455.769444143	-1.01526515628322	951.344078057739
19187.1118952323	-349126.55732533	-1.515894087679	572.732837625681
55212.7967090028	184875.729014182	1.28058021144212	316.043016605729
-321340.764357793	-567873.678871459	1.05585310654327	1068.77617660993
325917.009433765	-220107.046258957	-0.593987954270066	644.192972759425
23208.4229941214	60752.8861829057	1.20589105252211	106.527346516358
-23789.1325220767	61165.632504809	-1.19986956841596	107.500306981638
-329017.262188543	-213078.020370579	0.57469999234226	642.077005798564
310257.495781637	-575260.429866327	-1.07617886378646	1070.58698878178
-54195.9496567598	184347.34264481	-1.28486399897072	314.739973943919
-28680.099246978	-343983.874009284	1.48761243460896	565.401185039977
314346.469624829	489213.643365743	0.999672960633926	952.499983196387
-452218.819137078	172897.068414641	-0.365181911645043	793.028400982988
-56974.0582656864	259664.74055591	-1.35480511506345	435.449174998597
-881218.376894845	-122670.116080983	0.138316263577807	1457.35555149378
-1070951.90692109	-1498275.57163807	0.950213217510124	3016.66705350617
-168236.430077805	-457757.879302906	1.21859712263587	798.844133139976
929559.31654549	550982.742470779	0.535060782355531	1769.99891105463
-327875.82006249	376649.69896408	-0.854517281452759	817.964207388209
-107882.463664961	-221089.135117176	1.11682772448411	402.958495952655
1061750.30608924	60410.209374851	0.0568355363363618	1741.96149334655
-229886.310405655	-669940.849660793	1.24024214059528	1160.17293433911
37864.8502511582	-153995.793814083	-1.32969682210861	259.758612136236
533601.333922263	691538.778990557	0.913604853214681	1430.75131555209
42116.6973819984	234382.636051582	1.39300168588091	390.068127184556
-836597.741900885	118609.686727476	-0.140837615137734	1384.05229803688
35689.4132443367	-773462.294806614	-1.52468662402714	1268.28051554194
920297.870416749	-204666.111596137	-0.218829928549702	1544.27714679849
503643.355223023	-1230836.96622886	-1.18239469122118	2178.36745137849
838802.931450394	-432898.867303499	-0.476437597472931	1546.14842419336
405691.006776643	370939.981640749	0.74068212614217	900.426742854867
372202.929196186	615139.560347103	1.02665670428099	1177.6898012084
468746.17879837	742757.412616318	1.00783024178054	1438.65745795165
883.571250447654	882204.388794909	1.56979477775906	1445.05295866489
246299.959461221	220233.196894954	0.729582863716272	541.201122790573
1084882.52836606	783560.998859929	0.625506077695134	2192.07091644519
-223395.11652471	-40926.3131093511	0.181192193311986	372.011561295765
93478.9021596254	717531.7765149	1.44124754505882	1185.25028356657
818926.673403384	304591.091395001	0.35608470383194	1431.18290357835
-542836.523209779	386487.134666818	-0.61871909158756	1091.50878415875
-368643.997144682	504546.803979981	-0.93979870618701	1023.54248364086
-747963.979546909	1372840.62497671	-1.07193150614565	2560.81086616318
-583314.689347918	-320095.098301882	0.501884543218082	1089.87673366945
217166.423871977	-410604.586270985	-1.08430136594765	760.846703878007
-1284390.12928552	147788.524578346	-0.114561311862445	2117.71469883538
116801.532088407	58931.4423200993	0.467275720800563	214.293643739901
-368088.908581951	-544581.80354933	0.976420979179454	1076.67778384479
-389953.672415214	-219290.085404773	0.512274800598526	732.814927992624
924932.062953505	-675582.605158081	-0.63084727079499	1876.14563749446
1023421.18734502	187462.419031342	0.181163979057715	1704.25635048649
-159985.909902496	646178.870628684	-1.32808939359456	1090.40063141411
216186.83268037	-116047.005490486	-0.492644910549446	401.907173350109
-483565.101591342	-197756.216666455	0.388202023063877	855.756282617067
798219.418893409	269179.308022944	0.32524869080286	1379.82728292369
-611331.058180984	-473959.253078324	0.659491627706121	1267.05862736245
435328.885176784	434153.564064098	0.784046416277245	1007.072068279
-23784.0215357596	949225.52302906	-1.54574532941839	1555.32095878776
119342.034754501	348515.39986727	1.24088147577266	603.410780242866
-1099211.8793598	61607.2907392639	-0.0559882088254229	1803.33656174774
-174781.493268155	-219128.73138132	0.897508193503739	459.125668536224
1251284.07486078	-297100.24842419	-0.233119491509211	2106.58753595028
-1199327.18481231	726568.598725594	-0.544683170887129	2296.87761221777
-246041.08691126	461633.582267369	-1.08111476806826	856.851449384833
39930.7839232463	-761099.188250974	-1.51837975883462	1248.39630671581
169896.698554131	88016.9946372335	0.477992444627486	313.419016892668
276337.408316301	-650233.730878206	-1.16894121623378	1157.2759994712
502023.750917922	206169.856566788	0.389677090718345	888.959434555471
-34020.493777801	556375.090527772	-1.50972567628894	913.045438755936
-628881.219784054	177443.247746355	-0.275007780171163	1070.32809609205
281739.034720746	-277811.546552759	-0.778379273946587	648.110985654616
711280.011128869	348387.001894735	0.455456690395173	1297.3270346701
525577.944571973	644635.307293258	0.88678917678618	1362.38698004542
733072.614962584	439226.104976959	0.539799934955659	1399.81115817947
313823.810912586	206737.347743885	0.582514928577539	615.561179552668
-182215.315262392	746160.075588417	-1.33128006693932	1258.12738021048
-433015.889088127	822471.328971631	-1.08618868947815	1522.51511861653
-629950.11702834	286317.179628947	-0.426596204039482	1133.43875723085
-842094.270465994	181362.173716745	-0.212130160822127	1410.97940137673
-863604.95722667	-177900.019282482	0.203155187504554	1444.28832392187
-296271.436409429	730140.315026211	-1.18532290643937	1290.68047960721
-188007.262188285	39060.9399175806	-0.204848652248964	314.532517635307
766986.787662473	283184.727099456	0.353691219592488	1339.22268857705
-714751.275434852	-545541.709395442	0.65193421173501	1472.8223073011
-82565.434357685	-577100.126938306	1.42869115522645	954.916473029798
438779.808135347	316841.106461406	0.625402025188458	886.514583233837
-625146.638728476	835549.701784202	-0.928457151211605	1709.30130891465
-584141.307025877	313112.714973066	-0.492048405463488	1085.61410207403
-306806.605712875	-141124.01259557	0.431119839493844	553.165255510406
285064.645678304	-629962.895763016	-1.14585686554148	1132.61044583876
771615.614306006	-153181.200350513	-0.195972164274962	1288.5724199183
1004025.43490364	1221842.33514035	0.882944656854491	2590.40819423463
-807758.754713747	-191433.11425872	0.232699750979862	1359.75925851339
-566928.661907598	-1063603.27562224	1.08107796593443	1974.22354045524
999813.653437921	1249919.59831664	0.896114915730561	2621.78848362526
-94133.7174150392	-411559.898643011	1.34593995658342	691.544634732634
-1345163.36574493	200198.676849706	-0.147744052356518	2227.64849829611
1030294.82537813	-744678.754769811	-0.625852956607015	2082.29496587616
185499.895641846	342758.225959289	1.07473638145231	638.386657741246
-279506.373056639	-30184.8969414501	0.107576675308473	460.493916604443
207318.463292748	-391200.543117429	-1.0834733196202	725.209034924287
354855.769288606	-503447.463494676	-0.956821645755631	1008.91057187147
-709041.79358402	572328.565808887	-0.679107278906421	1492.56040600549
-283609.85989338	128947.261128288	-0.426725933392642	510.315588777695
-495977.20727987	646463.918145825	-0.91636796539878	1334.65373349819
-50914.5954475269	-245229.035128038	1.36608413573962	410.251810862287
534674.986067385	547494.631819395	0.797243853680505	1253.50231872631
20360.1955244933	532926.08219411	1.53261035871039	873.57062461298
15909.4639518522	131354.119991328	1.45026454993764	216.73068048675
868629.669831733	-866933.832129691	-0.784421052988969	2010.20361549896
-458659.703504067	-228822.317691049	0.462761969960971	839.591093651404
-352215.803846943	-202304.877443197	0.521366423848558	665.325609414814
-392541.275812115	530864.005623937	-0.934088924790856	1081.45979726872
459667.621806715	624611.817292577	0.936364064637795	1270.30617150499
304673.07246991	1411.96314874649	0.00463432173073488	499.060350895195
-300451.572526694	283274.209011124	-0.755979541915594	676.388425945963
-135210.670072667	328907.468220197	-1.1807660562103	582.497997931509
-48678.7189653732	-795272.614701723	1.50966249684363	1305.09588297547
134155.26356234	256543.005847939	1.08896967792494	474.206279522207
357476.745017452	60564.0980237881	0.167827449148398	593.891673135427
-73653.877687918	-822502.869646682	1.48148606763111	1352.65205739042
404699.148258902	1067705.98419161	1.20849183221224	1870.32064429663
-429979.063925525	-486663.963202971	0.84715918253328	1063.72261283161
-22374.0811847538	-59271.6455774098	1.20984992979605	103.773932017526
566891.285345489	114205.239295781	0.198797859907125	947.224731120762
-201737.879374098	-53789.7659571546	0.260569987929036	341.991484801751
112464.044489922	372196.183938189	1.27735599439975	636.881832113218
-1355945.19806065	-843051.336275549	0.556254784939744	2615.33158255518
1324136.14465519	537190.083290877	0.385402742011806	2340.62909639863
-501131.599584923	-257420.472733587	0.474530344854627	922.81904257568
-548260.315415562	168680.392522846	-0.298473789800936	939.594131675829
1258496.36610107	703939.446412834	0.509993061240044	2361.98691623858
12445.9455356231	259808.272382134	1.52292857385327	426.054396390456
756559.289210539	37427.2524583298	0.0494300521430768	1240.76084049148
40531.2679376674	578958.888939636	1.50090319944722	950.656665630599
356553.508565886	326175.714319646	0.740932846902454	791.548086931374
263743.162696893	-321324.135039294	-0.883499928815918	680.92351772301
279873.015831009	510665.35699576	1.0694471520957	953.857188560065
-396498.579777803	697391.052126565	-1.05382626568951	1314.04632624005
493370.988733345	-47947.7343839518	-0.0968796995108425	811.94985761249
185022.826861186	1006416.80485082	1.38898336706994	1676.13933695354
-568566.465723126	37414.5708018776	-0.0657103564258307	933.327060802563
-647366.82723528	-140098.778479879	0.213126604575286	1084.93527436257
422522.402547863	-505426.822407338	-0.874503137501	1079.07074078253
-663409.257677441	86136.7140887023	-0.129117150062542	1095.78682987423
-359432.861808033	820801.237230239	-1.15804610763107	1467.73232807128
-245140.775642215	-1134382.46162564	1.35796839452382	1901.01192264224
379643.412399294	294420.902832093	0.659634602473893	786.944792312134
-615814.071500761	156372.117251628	-0.248671688256871	1040.7166990705
-693320.058242265	649797.879839246	-0.753005657967699	1556.47220707867
-263451.862230556	-1051421.01516216	1.32528368269846	1775.4706453082
544.982092308986	-1175437.37831626	-1.5703326848661	1925.36855799269
-378839.221474953	143866.384677033	-0.362933589694402	663.778195152405
-204215.033396994	453441.548105434	-1.14763738496732	814.587646971663
-652924.227701698	-312784.635155424	0.446749181739935	1185.87729764699
-185583.067681546	-857754.145942058	1.3577213088722	1437.51162791733
435706.928702894	-163575.652290383	-0.359143982492873	762.326598911299
-317875.458120531	-711057.77417649	1.15040175175483	1275.80031281701
367708.482527665	889587.787478671	1.17883709112918	1576.72097768051
-80712.0089893161	1069619.62525242	-1.49548045104442	1757.01967347377
401154.390935087	22860.5873343394	0.0569254362643807	658.157643169827
732878.731918598	430292.477849945	0.530899863384427	1392.0728744325
219663.445916043	590427.579747534	1.2146221027215	1031.88481367119
548235.709479001	-72957.7391333561	-0.132299982716785	905.927788857891
-32518.5815569303	-956236.223422203	1.53680257722872	1567.2219343365
48049.7733011415	-184785.106315573	-1.31639965046502	312.743872926877
-1041611.47387377	850646.639043542	-0.684819672898252	2202.82548364085
-178627.011625871	1766248.16890237	-1.47000543805222	2907.87515981139
182964.998103756	178362.722319014	0.772661728669359	418.538911898756
-716014.588159446	611987.676824264	-0.707224413109882	1542.85999953998
809934.884451816	-426177.646602825	-0.484377496217818	1499.12671821181
-129492.272826615	-232370.398992972	1.06239124104213	435.733839541806
-17749.3541822448	681841.290693335	-1.54477070054667	1117.23550001668
-292808.443270847	-425564.830562821	0.968137895726094	846.138771683733
101175.504723726	79495.5652029333	0.665972450462819	210.762044668181
17469.4739338941	-178996.369556381	-1.47350763621228	294.589404738059
982854.545782765	-94941.0399128015	-0.0962984639953315	1617.4110071587
394727.71392757	-62308.7137788286	-0.15656056174827	654.570425714106
331959.125753933	-925001.380559557	-1.22623774406541	1609.76848800844
-347025.263517458	494420.223949052	-0.958807567901879	989.436908115203
-615487.271307475	-1270059.23834935	1.1195338826101	2311.77401369615
321055.549273007	291526.230475012	0.737230752523026	710.341858640144
-83388.4079097098	-674011.836136788	1.44770232951123	1112.4498487273
527638.220474004	437000.592429018	0.691713046185591	1122.20639781683
-92954.958206545	757848.582557544	-1.4487495654285	1250.66021286759
-358994.56718144	886325.626035898	-1.18595536656861	1566.37002930323
-109976.560957648	834013.013327868	-1.43968842257385	1377.94063284591
102683.222501446	-1083629.90238997	-1.47631985449906	1782.93871886285
-1288837.17808027	112585.672358246	-0.0871332743613082	2119.15685975293
-481350.42719516	-1492553.32020468	1.25882604877363	2568.79898545306
-86302.2890703672	-35120.2636675594	0.386478858992506	152.620252316869
-1124346.25895557	-82174.7795050574	0.0729569998598394	1846.59328742691
-1474766.97346525	-43995.3148964511	0.0298232001589031	2416.74539334232
-499566.097938931	275870.815034005	-0.504546678658665	934.768073257256
355782.947083861	93856.4293909713	0.257926471529477	602.710119792243
-47089.5954790117	-151684.758829233	1.26978580221436	260.15723674808
-1257326.32810051	382097.6416731	-0.295028136245868	2152.5037443341
-830803.037621496	-704842.956613375	0.703557210856114	1784.62310413316
-233254.459639056	-436458.036713525	1.07998880692667	810.609362466956
138255.56273694	-179219.554231243	-0.913719718862177	370.761405709078
298096.990762084	141604.185368342	0.443470546784943	540.574195997013
994072.236751016	829097.42222552	0.695156019277785	2120.29941717616
266745.665124992	-479575.167392051	-1.06319601768002	898.881798207136
588916.550137734	-106532.796207774	-0.178960926392258	980.302502164163
176946.745719141	-219294.215115599	-0.891867056903859	461.556494529144
-111901.516899743	-496674.59604836	1.34919495892173	833.946519377371
-388661.73528124	-260520.598295012	0.590514902939861	766.418369922843
233888.481549378	271478.134974977	0.859642404081697	586.953836568899
714635.14719451	-768443.884775656	-0.821664029456242	1718.89475428741
317139.489247114	-1188635.47953122	-1.31006039182168	2015.09605755809
1204418.95343351	654921.547300242	0.498044095752951	2245.64424022529
1871271.67548226	757778.120688043	0.384769377084462	3306.93236115234
-68418.8118869447	627962.617047106	-1.46227076926098	1034.69100744591
26282.8085394907	-159841.421197512	-1.4078241421969	265.336375808748
-233139.502235996	-54981.6197476379	0.231599721672356	392.358687442318
928435.608503185	925907.864722699	0.784035016682007	2147.78061064875
692176.1643186	-200870.065557752	-0.282442620047471	1180.56248045859
-658848.836735492	434830.351738602	-0.583362560682078	1293.04561488237
787515.428258993	-314918.463134067	-0.38041036198437	1389.26700045905
-65347.7568607043	280304.090417172	-1.34175566585466	471.450655928919
199600.377440832	103505.329949934	0.478387326748343	368.290613722262
-269549.434580659	13960.4250850714	-0.0517454720902276	442.114184422396
-401366.281136136	941443.699208063	-1.16779916767172	1676.38174933182
61110.8248474608	-1035340.0635068	-1.51183984840357	1698.84033578614
277429.519381796	302334.310430918	0.828328556586602	672.126131313884
-118851.348976294	1213733.53924401	-1.47318541170745	1997.60645982326
253343.397258616	-168316.679012858	-0.586418930937103	498.21478223356
153070.588417721	-288365.210608193	-1.08279625474439	534.764512902238
-650604.259094311	-270781.735672077	0.394393739095182	1154.30737867041
-91434.0663478057	485011.424895423	-1.38446377301628	808.443454959837
-365217.16966033	-715618.616184167	1.09890170232313	1316.01335617648
29255.5630323779	-540272.286224898	-1.51669949501903	886.263383943501
151604.812338699	-1319150.37760906	-1.45637223298061	2174.99340737636
21140.3370315509	-217972.367019143	-1.47411240083624	358.714380420314
-320178.48865077	-450756.913852679	0.953182378389477	905.647624603096
-47553.209272515	-507938.604384314	1.47744842017016	835.64244676899
199471.843158836	479290.122878731	1.17641838862614	850.354849923339
119161.907351178	217999.627411463	1.07055553352854	406.948305209413
-382129.886924598	-5402.90768573718	0.0141379878497003	625.991942149707
-567476.01534777	-555885.454106803	0.775080780891726	1301.19376342088
-570596.106225798	346935.216941909	-0.546297455907716	1093.84169896629
699675.025711162	-1045432.78072982	-0.980994750716057	2060.54801400283
155209.755522345	-679654.75228768	-1.34628078979496	1141.93581180291
685186.293162062	358693.847489023	0.482269033299514	1266.82408399138
478904.843991263	-249072.942417011	-0.479589019069384	884.19804865105
1123281.79072894	874518.095828838	0.661516968964839	2331.80558283252
285200.400300962	-218157.137623398	-0.652985370468551	588.158480130676
-67491.2461085581	490878.908995981	-1.43416236913427	811.624723392962
-382736.630674249	629504.789092851	-1.02451787458458	1206.75662594086
-680106.810276501	58051.4989621314	-0.0851500511701351	1118.0669103154
833183.213766594	438843.361823228	0.48478416391065	1542.48776894673
657847.737603328	291550.966080041	0.417175588563195	1178.63934103551
-543119.728348763	-21228.5015625065	0.0390663418356	890.310304739187
-44309.8298358183	55175.8799851061	-0.894189144619267	115.913805410277
244254.845919011	-548330.982966494	-1.15173138799339	983.247641658048
463606.907989958	153544.531959148	0.319825291945006	799.954266838368
500150.07231974	-377384.657721273	-0.646402194441107	1026.29564146949
311530.821388013	-147759.641150503	-0.442878544704515	564.776609005397
-462199.094889447	454563.634001269	-0.777069635083927	1061.86998474807
-397962.870113757	62183.0389606014	-0.155000030063447	659.773510600108
117190.698055214	-387917.695216373	-1.27741224125864	663.772345427818
659361.808358127	-608411.551990949	-0.745231005800573	1469.57378208041
19838.4358857051	151236.243419557	1.44036588351996	249.847417986935
-305348.559670249	-265229.053252244	0.71519985292659	662.498654257441
-234615.60029291	1046764.69745316	-1.35030627059096	1757.14201658654
-887725.843638036	560741.619977079	-0.563374774545796	1719.89262338173
-601741.210168714	-402426.359769701	0.589457218579736	1185.75871846718
-1065372.04802397	-89789.8865066824	0.0840816037385235	1751.2679972903
91637.1401848889	594837.173667499	1.41794380953702	985.838370347307
-315289.145648825	182329.196327387	-0.524304799266999	596.581652100917
-1328988.40603093	-1124172.31353619	0.702100657507573	2851.23984903103
-1125601.86205639	-344441.935949196	0.29695855997116	1928.13026625263
-1090068.29770828	-152763.051283536	0.139234039368314	1802.98185131471
-517944.829571227	-544799.806421529	0.810662241041395	1231.30847759586
227858.365667973	-979387.059544155	-1.34220870021712	1647.08248391752
660841.887473357	-239235.660695643	-0.34733956873856	1151.20836581876
-372350.330498945	-712045.253532069	1.08897288328846	1316.17606738998
-289888.710511283	-472992.211748701	1.02095811624189	908.695484545433
16035.8996980758	-454449.485943324	-1.53552453189306	744.852289516192
-407367.279030384	151947.876001459	-0.357015837111244	712.175266094216
-100072.291020267	382745.482701528	-1.31506204032018	648.012510719952
260530.421267427	-71525.2045605758	-0.267935585124265	442.539285690628
362547.483797281	593475.443680556	1.02240882469626	1139.1518636843
-146603.391057782	29943.1603583899	-0.201474925737481	245.094241043759
-8039.24708785542	185142.623906241	-1.52740167212323	303.549682980169
260490.043079339	842728.827552962	1.27100918307339	1444.8315982731
-215384.115535892	-27657.0015863278	0.127708952830222	355.696221245471
484872.266893586	629774.517460337	0.914671551719975	1301.89402492657
-296316.095424433	-390239.149398393	0.921357533382956	802.603790842068
-293904.879978791	-585223.068052287	1.10538227710709	1072.69239097389
776503.549933383	97358.1365655308	0.124729284894499	1281.87246393913
-273513.857675017	1126024.36586895	-1.33250896940586	1898.06206212256
-906287.651055326	102267.650169886	-0.112367044645949	1493.92213131445
-564024.138702883	-227541.42803323	0.383455456341452	996.220598661431
732642.185446096	-71009.9847943568	-0.0966213425306867	1205.69270571948
-662577.01687534	279133.79508911	-0.398719852561807	1177.68100680084
51420.1600574983	370306.154342335	1.43282010928947	612.38193680936
50530.8800053085	-1056573.92279959	-1.52300751989039	1732.64792444234
-379183.002604177	880199.566387001	-1.16402998175937	1569.86116819368
1140149.02642191	-143736.896451296	-0.125406933690611	1882.34833530059
-1174966.61547876	-212537.595344859	0.17895312961575	1955.83073415333
705184.68883471	-61561.289552979	-0.0870773520316784	1159.4867825811
-1802088.65530798	-614749.577162516	0.328752593647293	3118.85171299082
-165001.830042592	565965.408381124	-1.28711850991942	965.646696878232
-818899.861686758	-1184661.32034839	0.96596546124443	2358.96089623311
-1040274.86665474	-655752.86312118	0.562447991551592	2014.26495066684
312071.176029341	-256525.846018444	-0.688018749498926	661.707916408387
543.771099011763	-483093.168030501	-1.56967072431209	791.307901827327
79782.9317733239	334061.472632415	1.33636066401424	562.582348468754
365309.308462457	-347273.357604317	-0.760092887621343	825.60754688949
-410300.844192295	-448490.193680582	0.829837619433141	995.670901962428
811192.372679543	-313105.557906606	-0.368363690024713	1424.27812816666
371709.488156955	391047.836269719	0.810745945217291	883.741510364844
1105025.63877595	431499.235286739	0.372279565368845	1943.13756790141
-55983.874218462	-30801.9614021876	0.502991727745629	104.665036287876
590606.133773353	1163409.70179488	1.10104664438656	2137.16077841521
-186122.577411315	170713.665713598	-0.742242948379412	413.687908125884
81504.6480218823	494023.788464292	1.40728798893071	820.150726270213
-980446.21292131	645518.95838862	-0.582252812105756	1922.80009336148
-952656.143911802	430987.664695204	-0.424853224663265	1712.71388760359
28.6408145324967	227102.299731394	1.57067021264099	371.993941912204
-39380.6283509108	292030.615634048	-1.43675390857255	482.676350375401
441522.484429937	155493.985239897	0.338612763616892	766.753594642967
78707.6693637531	49322.0577595456	0.559784010499896	152.145247577271
-543693.828040839	-22879.5877236147	0.0420569358273482	891.359576816747
72674.6339657407	-712226.947132874	-1.46910967769349	1172.68657552697
-1132000.3835812	-237742.11563135	0.207010837582474	1894.67032895248
-341423.746190601	-447275.927568696	0.918811944372712	921.695720051309
-3958.41020679705	-247690.19528003	1.55481639162259	405.768752698318
157200.982847432	387214.690138016	1.18514640010385	684.534515323838
6557.27664754029	-914107.57441559	-1.56362303082855	1497.34822794349
-1080647.82557311	90537.7531406825	-0.0835857925547655	1776.30444725058
62643.4329835844	-933256.797475062	-1.50377339653385	1532.11606370034
603448.218688675	-800950.196244936	-0.92511293813394	1642.63960052932
319657.985208581	390655.34817989	0.885019464691722	826.814209589013
183920.230853986	742853.421373139	1.32809079411749	1253.53457944892
-294404.762698169	36352.0487003041	-0.122854582612656	485.897761573727
-433847.968439541	261014.762081219	-0.541615151925982	829.341380629765
12801.1544009798	480924.218652896	1.54418479020029	788.033673873703
-471872.064103889	-939893.446489855	1.10551128721987	1722.67857080802
-291142.249949285	-241867.768266765	0.693214479318947	619.987032366301
736926.740665001	-700611.39915233	-0.760141359245986	1665.54834829829
-365978.778846509	-508251.628983664	0.946724546032157	1025.89153448236
370472.453698159	-425866.513595156	-0.854847198575161	924.58210216081
1022598.96983386	-904222.062244409	-0.724038905357423	2235.93294968151
-158464.784302402	2879.37836219739	-0.0181684627722238	259.608422540925
100123.376150088	850593.977589783	1.4536255482575	1402.89347207971
-113329.594535869	693256.772055335	-1.40875543440144	1150.62887874013
-517563.670124823	-902367.008691191	1.05004321031215	1703.94561836918
149165.684476495	521721.212755787	1.2923150736541	888.822955097149
160228.157628858	-530574.61597783	-1.27751496769168	907.846778543015
-369325.530027777	-163967.878746109	0.417824507779773	661.896199170968
-262370.610356703	-722076.288514638	1.22227313909042	1258.42081382616
-30072.5950180262	-392342.556505625	1.49429708228358	644.542806212554
132878.771784377	392125.596056896	1.24407297271881	678.178673308508
264932.016108728	78027.8772557784	0.286422066722939	452.389016837422
-162292.490199698	518035.71942172	-1.26719703856085	889.209913239509
364901.973510082	-530793.204741568	-0.968532462316896	1055.07508515414
-71482.2643384128	-969592.600059841	1.4972054418188	1592.50451969275
-512506.154629955	-635712.7750967	0.892291542789813	1337.54974360328
-155987.325235843	-385765.801925873	1.18653907089735	681.588403915329
-370904.922802703	133725.013704533	-0.346031045124757	645.823231725093
-187750.251854929	718285.533256675	-1.31512985620791	1216.08165477746
-404354.46068483	265414.206324939	-0.580854172613367	792.270136559469
-396644.676176715	-1174393.0330773	1.24508107528061	2030.4125437028
900677.448912093	107453.043791504	0.11874124063973	1485.77315161578
50966.5329506097	-17794.1664473657	-0.335903415084232	88.4250852184196
-902864.55773261	49439.5947798578	-0.0547039621090125	1481.10919888371
-151677.973381911	-256622.041946355	1.03697932396417	488.281337369689
-187892.118969294	-442064.181252812	1.16889724207615	786.793739350719
-372380.609034939	-198391.968599573	0.48951603090558	691.125459627722
-1689948.87985639	695541.083553146	-0.390445017632389	2993.42485314053
-819429.9867397	-329714.465821943	0.382548252671985	1446.80812820226
842740.936862344	-1293662.41094201	-0.993410828890367	2528.98897819042
-67243.524025787	-772479.473309112	1.48396625811861	1270.1075983787
1228134.16181229	-247217.387633552	-0.19864053659364	2052.03753596367
-269098.077973051	1248105.58370992	-1.35844175976016	2091.37681135147
-736014.206635833	-1008793.65448012	0.940480625922787	2045.45781633239
38361.6812004985	330507.290270838	1.45524429027568	545.005970368626
-64710.5025231434	-338706.239629691	1.3820192360725	564.835992836193
834317.185340823	657778.900604814	0.667630028599002	1740.26265297277
428012.037872397	670369.739445321	1.00256816984039	1302.79311829312
-990295.044414102	239399.832118714	-0.237195200938282	1668.83072774178
-69213.7689949034	-94846.8940228433	0.940386851521803	192.32733574571
-670013.997012613	-424582.161861187	0.56482496896938	1299.28616020973
-176895.531484615	936.931969454432	-0.00529647753352332	289.75923457818
418478.098842045	47930.8785973351	0.114039226613379	689.94932799106
1080084.83300477	-28083.9081536327	-0.0259957189044809	1769.77868018647
-198541.62990397	-45650.4730747672	0.226000928562379	333.697336389709
-744539.104998216	850123.494509129	-0.851512778007114	1851.04943030481
4694.62080703495	254293.427362398	1.55233699177571	416.604026833656
-224359.261014923	-298326.4333193	0.925978370387147	611.428381510051
-336240.67692281	-832355.299984827	1.18687831522791	1470.44123061167
-901694.158720743	-148106.751124661	0.162800172578917	1496.76782828881
-983652.56106477	281409.104225634	-0.278643170646771	1675.86335872129
1138917.27177757	-1520842.23946168	-0.92801706462308	3112.24348837298
-111523.457704921	179681.290030791	-1.01531408294624	346.400935215525
45843.7469354428	1162898.48951417	1.53139476164674	1906.30919585231
601454.624234943	-646409.42300178	-0.821407988435262	1446.26622274782
-365052.50151827	601742.50594833	-1.02549489059261	1152.85223850252
849575.069824797	1108710.01540486	0.916961289521923	2287.94043420996
-1007172.49143082	692676.529314793	-0.602452806229805	2002.24994818349
-978943.706163633	343630.311571196	-0.337584572948154	1699.43168910226
-336867.534735259	-1101893.78363604	1.27410297145616	1887.36576796931
-215672.722182177	390422.991072162	-1.06610636412811	730.601679146863
-70167.1320903501	-550776.878803629	1.44408224896488	909.465058880206
-852981.281913682	-606310.729675518	0.617946631955212	1714.19025004913
767320.37478232	420026.919213533	0.500840592685617	1432.85654597043
609654.7311186	788153.676477551	0.91240989362271	1632.14769586202
-362230.445758885	923606.28711484	-1.19703957057497	1625.05899755533
-146552.924538017	-730023.514886307	1.37267879032675	1219.63724604347
1317073.2127198	-535069.613783678	-0.385888287790974	2328.60316524519
948379.728423768	-203591.195694204	-0.21146325840992	1588.83920064044
-70212.4793716726	297050.349044241	-1.33869064368285	499.97622661619
-271866.912661223	587201.153893195	-1.13719447080121	1059.92352582064
-974601.740260621	-99622.1930211439	0.101864564192963	1604.71763788199
-1016798.72132864	252710.450327724	-0.243599717113183	1716.18662867262
-284598.296295551	-758870.1399216	1.21200024760026	1327.56984033024
737735.198505496	1245725.87739869	1.03612215394517	2371.47690463877
54025.4904608014	524195.800502625	1.46809536597074	863.181779526486
-1308805.31128469	189234.200287592	-0.143590380814334	2166.11762223341
-421913.50177501	362690.331772391	-0.710059404871616	911.346310181459
-1278053.0365075	300882.587063822	-0.231212419548621	2150.68423387327
-198891.584132786	-230313.599304613	0.858477564570764	498.453927304078
-409976.557459944	-774431.807021533	1.08391399110838	1435.30953333448
216345.80701189	175603.846417865	0.68182321237296	456.418565252724
-477608.098769806	180851.501616361	-0.361976337148254	836.531079521428
-341736.48289506	274580.865013804	-0.676863625540237	718.069868460444
-433631.784785132	-184777.417007998	0.402815481601567	772.086660716836
-384357.649896663	-557549.693211881	0.967240739161414	1109.24578805377
-719613.981424999	-1019554.26991921	0.956180107951963	2044.11526058306
-655603.990494118	-79930.7790979216	0.12132054793966	1081.83221839176
792581.812061678	-105878.231092951	-0.132800269644503	1309.78295057079
444647.364876791	257488.639404275	0.524898880288189	841.639095265491
344373.743126479	374107.838126982	0.826759192163872	832.887914498796
669871.927338649	-234506.622305347	-0.336743238548089	1162.54476700232
-298662.833882246	-26067.885344651	0.0870613515401638	491.070112769799
685527.788961599	-1164204.66825947	-1.03862471055877	2213.01287247898
-813793.645302763	543336.787281527	-0.588689404403643	1602.79524226762
-673993.81999347	-466370.025967799	0.60530282535627	1342.53063487454
-328313.543109539	-1139925.42775232	1.2903725715099	1943.10063924041
846049.035326108	-9353.99552411324	-0.0110556410163396	1385.91440304844
496345.683837033	-1008477.82274077	-1.11342979809264	1841.12153331057
301021.152266158	438527.94472485	0.969232178373666	871.257509484419
102573.263396848	-237557.902000366	-1.16319518463015	423.843902785851
-854673.245100587	-28272.6306841798	0.0330679880269518	1400.72194464972
704.692187787525	131263.232629963	1.56542783629112	215.012488453997
-461813.791415794	-26502.664492919	0.0573253282249735	757.696374251896
1022906.84552541	624055.022753707	0.547798326714975	1962.72180883321
535309.305271511	-1184737.71470692	-1.14641512030741	2129.50261525599
260692.436711747	560226.303093931	1.13526393643851	1012.13930080612
304031.26246029	370429.626587746	0.883528535408545	784.965381065538
-1055167.661307	1035843.51408368	-0.776156894222633	2422.00052341408
-307155.053850033	246232.931656565	-0.675750358241622	644.8296391866
-453101.484340781	444552.884159094	-0.775875186554451	1039.74819568044
-79703.791135698	-893950.444997653	1.48187238731411	1470.10085109574
-388960.793024622	-555789.010610688	0.960180878828953	1111.17849458163
325883.617603271	-591490.553730011	-1.06722158150376	1106.18024451076
-668148.079139098	259777.383358128	-0.370815908137218	1174.23828731609
-58865.880855845	647310.78751084	-1.48010664527383	1064.67138817942
944847.863627709	-102931.54582937	-0.108511890418863	1556.81899796215
77323.3893439676	701343.433544783	1.46098940705585	1155.76253232289
240497.677841169	1155669.77715297	1.36562225534862	1933.54404082661
-1037011.24975254	-928046.155005283	0.730003539196325	2279.50866326443
-615395.629579079	22207.0994286809	-0.0360702393506267	1008.67515266888
543683.532095514	157207.901034183	0.281476251731589	927.036729548392
-267041.787849795	-570320.554772536	1.13288532224537	1031.52085312843
176401.050138337	55992.3470639881	0.307356343957163	303.151904324867
331666.63469302	-1116816.70737838	-1.28211707277083	1908.31220018982
678600.292854154	98615.3199966229	0.144311442171542	1123.22412326762
1277162.67060338	327871.757217949	0.251292239972671	2159.83070907646
154953.757789075	770115.772629507	1.37223912012717	1286.73236168349
-1249913.72124776	164101.833705594	-0.130543875580522	2064.93071807429
206947.325192169	-748316.718532882	-1.30098924709417	1271.75306535898
348087.348575178	-138972.694804264	-0.379856736529706	613.92994553983
188814.369299145	531937.212214986	1.22971309621082	924.576207563547
228672.031726561	-244252.259022258	-0.818330695459279	548.057979234171
-272257.71752924	292067.614223318	-0.820487436470806	654.02793500023
782706.969572566	865962.550602273	0.835853950750444	1911.99163586092
419384.809824258	-101964.313149985	-0.238500791270377	706.964884416186
-885759.134369692	-110860.83181745	0.124511661285026	1462.19459121697
-704734.240185859	289673.648723801	-0.38998686027969	1248.06822115738
-542532.344338842	-80581.1868418356	0.147449925712087	898.417651699754
-739232.373454015	73345.3284028344	-0.0988945640306844	1216.8092699576
-89057.2237118486	-763479.245226781	1.45467454163603	1259.05946810456
-405987.294962511	-215288.930953277	0.487580972794762	752.723700906382
-575240.424688936	580673.748235774	-0.790098584639354	1338.84320971227
334563.266969923	730748.724174768	1.14144490122977	1316.45436280969
87130.0590683864	-1061219.90891378	-1.48887639224453	1744.12899338484
1391677.4942085	591458.686774994	0.401868061840355	2476.89984591424
-20130.6932185205	-618117.290006744	1.53824007767429	1013.01393756753
-378593.65039532	450016.537802215	-0.871381642754199	963.289860254545
112715.634328616	-700981.682643596	-1.41136421840447	1162.95824644797
-241874.623085396	-402849.727952585	1.03007610758879	769.671220333976
403717.295210333	499810.796736935	0.891353511010397	1052.40615678322
209992.859571493	-777718.427082695	-1.30707384506095	1319.52490631947
-347857.699451311	-11469.3831376847	0.032959539696325	570.101112790263
765283.603091796	-777542.022374038	-0.793343430271418	1787.02194425609
435534.553303985	-650447.099708838	-0.980770823709141	1282.22343095074
1430701.14472997	785532.071114402	0.502116563355293	2673.49085683398
-118137.06950411	23165.2476781854	-0.193631093030937	197.193872719739
-200446.103975574	-104903.512113753	0.482152810469788	370.577326964088
1318575.05975446	500395.320958332	0.362707432434164	2310.12572846383
-345756.546158906	-508241.189247352	0.973414467503456	1006.88041383465
-33088.0785872985	604803.586588102	-1.51614201087939	992.150720530327
-1425859.48200597	-1195408.05251217	0.69770759857551	3047.7729481829
191600.589073808	41388.7897595841	0.212747052013902	321.080986033157
-31781.4514202743	-1693577.32500514	1.55203265947181	2774.57084691947
-531542.307120473	-277725.600290474	0.481477395492355	982.348699254572
841956.3831142	1300388.77967922	0.996205157065474	2537.52916773429
-712252.195791389	87712.1992610839	-0.122530749305069	1175.48345614106
-857552.244241236	10532.0164748734	-0.0122808692549943	1404.77791353434
1476245.39239962	-750363.348594844	-0.470258981529263	2712.53546703183
-235964.778757752	-93134.5908693757	0.375926484617705	415.527888871555
-145385.107715329	-460534.845229499	1.26501015763098	791.053339132183
-449837.074930784	866144.515190961	-1.09178434624447	1598.6759333824
-567771.764682979	694292.60333137	-0.885313460418943	1469.10301891878
-309759.40798353	-1420250.37024042	1.35605714460732	2381.060619355
517823.790832979	-990507.689842354	-1.08908633775277	1830.78979390406
517411.88257255	-1962714.80955052	-1.31304000630602	3324.76586935328
193762.832907956	132221.633934616	0.598808488611016	384.23830267099
1543767.39359517	-647381.553827713	-0.397076816100234	2742.03658281264
333556.714898814	511823.155620745	0.993224809971416	1000.68766345447
1081725.93441499	953099.515511889	0.72226964995934	2361.52445469919
175803.293196603	-670957.216266658	-1.31453838478441	1136.12906384631
153040.076551101	-476949.416930844	-1.26030189063349	820.476984736239
-780859.102591869	-18282.1229136677	0.0234085553174655	1279.39900312233
474178.50936348	-821710.300791161	-1.04741312295783	1553.99061713695
44961.4656604782	225107.416251824	1.3736571431222	376.009269043192
398232.26870363	-437633.582056221	-0.832501617430051	969.210001212346
-1247758.9777889	-435657.077882015	0.335918831175842	2164.82820032431
20039.164544683	-2196957.19450703	-1.56167525293919	3598.76918016467
433987.323652674	-1836592.19757623	-1.33875245593368	3091.18984626081
485603.166140687	217087.830151154	0.42039616907397	871.283790503132
1528381.81154697	6111.70221245091	0.00399878459054065	2503.51192670527
-264141.489025757	159459.061390755	-0.543126892627855	505.391645007254
1347742.19715451	-685796.652743453	-0.470701359465617	2476.97374964721
-278210.673212438	-239077.613917279	0.709891597757782	600.85705628137
463434.438390213	-846000.207457247	-1.06964781321928	1580.04581631254
-643644.19350726	-668540.869760123	0.804369336033119	1520.10147657849
-19414.721259881	-251386.353228772	1.4937187192414	412.997451286915
1146361.44587023	-1839751.41705524	-1.01355963972983	3550.66084365277
1002554.65787098	101854.144293409	0.101247218622923	1650.63929812085
1666116.59235264	-1005428.81037476	-0.542957135279066	3187.51566310616
897477.997487747	-681660.75567346	-0.649571960952844	1846.0272223662
1858435.51690757	1210818.32722426	0.57744695563395	3633.21302594784
563772.12272874	32914.0828112689	0.0583156961706121	925.032102574022
-953574.662476016	829587.203489053	-0.71597753317463	2070.31974740421
194464.999781739	540032.968886526	1.2251536520057	940.17904327615
-580517.834667614	-224265.527926813	0.368657750752987	1019.37934190789
208571.721247507	-571001.590718383	-1.22058018985651	995.744657535468
293117.667451466	341401.082097452	0.861346343056477	737.050987181767
914743.809658799	651971.976230248	0.619223392335177	1839.98240895381
1216323.43079737	524576.188077712	0.407177967979686	2169.73264868325
677049.097037461	851912.660993903	0.89927092049026	1782.4518737963
-151310.538976592	-1028123.89537108	1.42467377663448	1702.20892483625
-674822.883553789	1384349.84655931	-1.11722645180453	2522.63442631087
1015535.12621711	228836.618164329	0.221634224242867	1705.15718001836
368205.839933219	110481.453391608	0.291505882301663	629.68688673137
2783.95909346908	1544736.20136732	1.56899410575748	2530.28453730192
544424.216864486	1138083.17995403	1.12460241952617	2066.50058945263
-898851.560872204	893976.683475405	-0.782679071148602	2076.5367657975
632373.427041649	-18478.6943697714	-0.0292128618340733	1036.27085014051
-184134.163075999	1423620.79082329	-1.44216830162445	2351.31785855844
-206538.130598044	581834.103619618	-1.2296939336274	1011.31038738296
-1135866.9022368	-181878.590757562	0.158775339700833	1884.25262851018
607995.545054886	856615.25695926	0.953546678635515	1720.64122104514
629772.105816453	337801.569235555	0.492331731694701	1170.59578821781
218493.888184475	-17101.5832134415	-0.078111055457891	358.987943235424
660401.740514918	408851.202416813	0.554341516270082	1272.2642101635
-77709.5174652291	784113.598866833	-1.47201396793977	1290.67139670555
-229598.854812903	-462452.92027065	1.1099682836492	845.720308203558
-326448.635296724	-607369.996955946	1.07761694158236	1129.46956541217
-593632.884525558	852690.16878897	-0.962633161220452	1701.85179723787
-378634.207058754	380242.402825219	-0.787517339740609	878.964786013184
-107646.541449578	792787.617065907	-1.43583936183563	1310.50366477726
412972.308239311	-1398660.83956556	-1.28369137020927	2388.78729781041
-1220018.46927499	-2049605.75845312	1.03388016522599	3907.01293983878
462413.947028963	-487626.52505426	-0.811930361018252	1100.76426191017
1469637.60606593	-1602854.72520636	-0.828729023109693	3562.03331352465
403110.996078433	1509099.45601006	1.3097705302187	2558.57724727586
1730504.92926284	91189.4033089651	0.0526465643066746	2838.50268343127
1574592.91952248	-796881.240548499	-0.468505461235752	2890.67267764599
-652019.883868	229980.005243609	-0.339095312543612	1132.49866285095
-989612.016644116	771087.924320975	-0.661917546025045	2054.96332938207
317675.701303045	20222.3071661098	0.063571303060825	521.40654721019
2770959.20633351	-1602245.54940665	-0.524256647559967	5242.98858786907
1172430.346762	823664.788306345	0.612420389789548	2346.98634236557
1270180.16063998	915887.166377357	0.624726534103663	2565.03260823681
-115109.20410166	1249410.69695696	-1.47892488089483	2055.20400283319
-731211.460166993	1043191.28197874	-0.959441720640477	2086.71267371163
-513883.949211433	981368.03763088	-1.08841575407766	1814.53318933545
319534.41153442	-1193157.77829621	-1.30913085728901	2023.26538122992
-505358.687275527	-844535.558278127	1.03156405905421	1612.10296466055
-51223.9153320931	-595780.04252767	1.4850293499824	979.489025792267
632302.186850323	-1574565.52034914	-1.18893509571354	2779.32854722305
-261341.509422875	255254.223863699	-0.773615247955698	598.384447817559
551202.636230105	1348583.56710923	1.18278930980242	2386.37331568376
-1265674.14457549	-402105.633444763	0.307615883992188	2175.28836507665
307596.402525219	-850020.321332957	-1.22358674976991	1480.69376997364
1155414.5799015	794134.609092927	0.602162204001821	2296.49502039552
1730758.23655085	-1384473.3443475	-0.674693997517124	3630.41567196788
169884.508285252	-784122.989578621	-1.35743841163505	1314.19353910266
1865407.93582748	2115089.81124301	0.848042384559973	4619.44100237617
444506.726288592	-597912.542972364	-0.931512644088505	1220.37788049548
-2079315.75198172	544069.006639845	-0.255920179044608	3520.58534347269
3958852.75525738	133464.51355318	0.0337001633337491	6488.29132853931
-963655.947865126	-1470537.77761629	0.990698323192007	2879.86316293293
-1351900.46195272	-237440.594051582	0.173861412637352	2248.31038847536
1900759.72742152	-2688961.80877471	-0.955471193283407	5393.82850571859
-87133.3630424755	-112543.955458295	0.911976075190441	233.139857188685
986253.534748328	522379.805427781	0.487093704156859	1828.0984011859
3522869.24892439	-1725780.33856777	-0.455518230011839	6425.67092735946
901189.674442358	-4849330.32692803	-1.38705444847301	8079.20915630308
-1668472.27406347	2323552.11658036	-0.948045737813157	4685.57065893043
5183331.79084657	711243.502001617	0.136365831726643	8569.86361311546
351258.211356141	7268956.78025859	1.52251083072913	11920.4566204513
