Mass	mmu	ppm	
403.75681	1.615	4.00
404.88464	1.620	4.00
405.79855	1.623	4.00
405.81149	1.623	4.00
406.75543	1.627	4.00
407.79407	1.223	3.00
407.86972	1.631	4.00
409.74533	1.639	4.00
418.77203	1.256	3.00
419.31558	1.258	3.00
422.35764	1.689	4.00
422.78842	1.691	4.00
423.80624	1.271	3.00
425.89200	1.704	4.00
426.77142	1.707	4.00
427.76294	1.711	4.00
428.89157	1.287	3.00
429.08923	1.287	3.00
429.89423	1.290	3.00
430.08835	1.290	3.00
430.77283	1.723	4.00
430.88867	1.293	3.00
431.08594	1.293	3.00
431.09192	1.293	3.00
431.72684	1.295	3.00
431.89218	1.296	3.00
432.74921	1.731	4.00
432.88577	1.299	3.00
433.88879	1.302	3.00
434.75296	1.304	3.00
434.77460	1.739	4.00
434.88281	1.305	3.00
435.71097	1.743	4.00
435.88586	1.308	3.00
436.36707	1.745	4.00
436.38031	1.746	4.00
436.87949	1.311	3.00
438.30905	1.753	4.00
440.85400	1.763	4.00
443.77893	1.775	4.00
444.36453	1.777	4.00
444.73279	1.779	4.00
444.80627	1.779	4.00
445.12039	1.335	3.00
445.28787	1.781	4.00
445.93008	1.784	4.00
446.11951	1.338	3.00
446.76633	1.340	3.00
447.11710	1.341	3.00
447.34741	1.342	3.00
448.11612	1.344	3.00
449.11417	1.796	4.00
449.72366	1.799	4.00
449.79065	1.349	3.00
450.72998	1.803	4.00
450.79245	1.352	3.00
450.79901	1.803	4.00
451.25192	1.805	4.00
451.28812	1.805	4.00
452.30377	1.809	4.00
452.81213	1.811	4.00
453.76358	1.815	4.00
454.83594	1.819	4.00
456.30164	1.825	4.00
456.69955	1.370	3.00
457.70044	1.831	4.00
458.00687	1.832	4.00
459.23013	1.837	4.00
459.24869	1.837	4.00
459.83972	1.380	3.00
459.84647	1.839	4.00
460.92538	1.844	4.00
461.23425	1.845	4.00
463.80719	1.855	4.00
464.79971	1.859	4.00
464.80759	1.859	4.00
465.80542	1.863	4.00
465.87564	1.864	4.00
467.77557	1.871	4.00
467.80164	1.403	3.00
468.80240	1.406	3.00
469.28699	1.877	4.00
471.25327	1.885	4.00
472.73157	1.891	4.00
472.81900	1.891	4.00
474.85110	1.899	4.00
475.87302	1.903	4.00
476.79883	1.430	3.00
477.27328	1.909	4.00
477.78748	1.911	4.00
478.75085	1.915	4.00
479.33438	1.917	4.00
479.75156	1.919	4.00
480.69223	1.923	4.00
480.72763	1.442	3.00
481.81732	1.445	3.00
483.75092	1.935	4.00
484.74924	1.939	4.00
486.78226	1.947	4.00
487.73218	1.951	4.00
489.74225	1.959	4.00
493.00287	1.972	4.00
493.76428	1.975	4.00
493.77798	1.975	4.00
493.80096	1.975	4.00
494.71918	1.484	3.00
495.77811	1.983	4.00
495.79691	1.487	3.00
496.79639	1.987	4.00
499.74579	1.499	3.00
500.78268	1.502	3.00
501.28629	2.005	4.00
501.71286	2.007	4.00
501.76697	2.007	4.00
502.29388	1.507	3.00
502.70209	2.011	4.00
502.81647	1.508	3.00
503.10791	1.509	3.00
503.91138	2.016	4.00
504.10675	1.512	3.00
504.23529	2.017	4.00
504.75156	2.019	4.00
504.88855	2.020	4.00
506.77292	1.520	3.00
507.44769	2.030	4.00
507.69980	1.523	3.00
508.80408	2.035	4.00
509.69818	2.039	4.00
510.78406	1.532	3.00
510.80310	1.532	3.00
511.64813	2.047	4.00
515.71576	1.547	3.00
516.66705	1.550	3.00
516.72369	1.550	3.00
516.77332	2.067	4.00
518.27234	1.555	3.00
518.77252	2.075	4.00
519.13922	1.557	3.00
519.36853	1.558	3.00
520.13831	1.560	3.00
521.13611	1.563	3.00
521.33942	2.085	4.00
522.13422	1.566	3.00
524.77283	2.099	4.00
525.74701	2.103	4.00
526.30768	2.105	4.00
528.98120	2.116	4.00
529.72888	1.589	3.00
531.25598	1.594	3.00
531.93945	2.128	4.00
532.28265	2.129	4.00
532.70801	2.131	4.00
534.28284	2.137	4.00
535.05750	2.140	4.00
535.67224	2.143	4.00
535.75439	2.143	4.00
536.76587	1.610	3.00
537.31244	2.149	4.00
537.76880	2.151	4.00
537.80457	2.151	4.00
538.70898	2.155	4.00
541.74426	2.167	4.00
544.74487	2.179	4.00
544.89008	2.180	4.00
546.27454	2.185	4.00
547.69061	2.191	4.00
547.70801	2.191	4.00
547.73944	2.191	4.00
549.66602	1.649	3.00
549.75989	2.199	4.00
549.78186	2.199	4.00
551.39313	2.206	4.00
551.72870	1.655	3.00
554.67822	2.219	4.00
554.68713	1.664	3.00
554.69653	1.664	3.00
555.72223	2.223	4.00
556.77032	2.227	4.00
557.27081	2.229	4.00
557.75983	2.231	4.00
557.80493	2.231	4.00
558.74591	2.235	4.00
559.21851	2.237	4.00
561.78052	1.685	3.00
562.24701	1.687	3.00
562.25757	2.249	4.00
563.68219	1.691	3.00
563.85333	2.255	4.00
564.78784	1.694	3.00
565.67719	1.697	3.00
565.68829	2.263	4.00
575.28851	2.301	4.00
577.12720	1.731	3.00
577.21704	1.732	3.00
582.19861	1.747	3.00
582.24927	2.329	4.00
583.26038	1.750	3.00
585.71381	1.757	3.00
585.82153	1.757	3.00
587.30273	1.762	3.00
589.17273	2.357	4.00
589.60559	2.358	4.00
590.26953	1.771	3.00
591.31427	1.774	3.00
591.72815	1.775	3.00
592.74628	1.778	3.00
592.80652	1.778	3.00
593.15839	1.779	3.00
593.22784	1.780	3.00
594.43530	2.378	4.00
595.15454	1.785	3.00
595.68518	1.787	3.00
597.43549	1.792	3.00
597.79639	1.793	3.00
598.60889	2.394	4.00
600.31354	2.401	4.00
601.17755	2.405	4.00
603.40765	1.810	3.00
605.43591	1.816	3.00
606.20532	2.425	4.00
606.64978	2.427	4.00
607.15497	2.429	4.00
609.72961	1.829	3.00
609.74011	2.439	4.00
609.80609	2.439	4.00
610.29022	1.831	3.00
610.70288	2.443	4.00
611.61926	1.835	3.00
611.71692	1.835	3.00
612.23621	1.837	3.00
613.28619	2.453	4.00
613.68481	1.841	3.00
614.22119	2.457	4.00
614.46558	2.458	4.00
615.60632	1.847	3.00
615.76801	2.463	4.00
616.80389	1.850	3.00
617.29767	2.469	4.00
617.41895	2.470	4.00
623.31384	2.493	4.00
625.60162	2.502	4.00
626.68750	2.507	4.00
631.30884	1.894	3.00
631.73962	1.895	3.00
631.75116	2.527	4.00
632.26233	1.897	3.00
632.75037	2.531	4.00
633.29321	1.900	3.00
633.95038	2.536	4.00
634.20789	2.537	4.00
634.29572	2.537	4.00
634.75452	1.904	3.00
636.41907	2.546	4.00
636.73993	1.910	3.00
637.27417	1.912	3.00
638.33746	2.553	4.00
638.55792	2.554	4.00
639.73883	2.559	4.00
641.23950	1.924	3.00
641.68805	1.925	3.00
642.80115	2.571	4.00
643.21472	1.930	3.00
643.62671	2.575	4.00
645.17206	2.581	4.00
645.76654	2.583	4.00
647.88721	2.592	4.00
648.74390	2.595	4.00
650.70313	2.603	4.00
652.34729	2.609	4.00
652.88171	1.959	3.00
653.39783	1.960	3.00
653.40826	1.960	3.00
653.75775	2.615	4.00
653.85327	1.962	3.00
654.22565	2.617	4.00
654.56049	1.964	3.00
655.67169	2.623	4.00
656.54822	2.626	4.00
657.70331	2.631	4.00
660.83917	2.643	4.00
661.10535	1.983	3.00
661.20605	1.984	3.00
661.74078	1.985	3.00
662.73376	2.651	4.00
662.78821	1.988	3.00
663.74670	1.991	3.00
663.79199	2.655	4.00
664.62921	1.994	3.00
666.28259	1.999	3.00
667.75024	2.003	3.00
668.65204	2.006	3.00
671.33990	2.014	3.00
675.45038	2.026	3.00
676.66962	2.707	4.00
678.17987	2.035	3.00
678.59460	2.036	3.00
678.99677	2.716	4.00
683.08417	2.049	3.00
683.44940	2.050	3.00
684.72748	2.054	3.00
685.26099	2.056	3.00
686.21436	2.059	3.00
687.81812	2.063	3.00
690.66772	2.072	3.00
691.64783	2.767	4.00
691.80579	2.767	4.00
693.11572	2.079	3.00
695.31830	2.086	3.00
695.81787	2.087	3.00
696.10596	2.088	3.00
696.51422	2.090	3.00
697.80023	2.093	3.00
702.77844	2.108	3.00
703.14166	2.109	3.00
707.35138	2.122	3.00
707.68402	2.831	4.00
709.84857	2.130	3.00
711.15698	2.133	3.00
714.03235	2.856	4.00
715.77655	2.147	3.00
715.89008	2.148	3.00
717.61237	2.153	3.00
718.08417	2.154	3.00
718.63080	2.156	3.00
719.01825	2.876	4.00
719.17749	2.158	3.00
723.02454	2.169	3.00
726.19916	2.179	3.00
726.31470	2.179	3.00
728.21716	2.913	4.00
728.83179	2.186	3.00
729.20081	2.188	3.00
730.68500	2.192	3.00
733.72534	2.201	3.00
734.68939	2.204	3.00
734.70398	2.204	3.00
735.29980	2.206	3.00
735.69843	2.207	3.00
736.22882	2.945	4.00
737.19849	2.212	3.00
738.18256	2.215	3.00
740.24017	2.961	4.00
740.26813	2.221	3.00
740.69855	2.222	3.00
741.19763	2.224	3.00
752.69678	2.258	3.00
755.80261	2.267	3.00
756.15918	2.268	3.00
756.25262	2.269	3.00
757.25739	2.272	3.00
758.22015	2.275	3.00
761.00391	2.283	3.00
761.24701	3.045	4.00
761.77130	2.285	3.00
762.77203	2.288	3.00
764.63879	2.294	3.00
768.75867	2.306	3.00
771.19232	2.314	3.00
772.65723	3.091	4.00
772.69391	2.318	3.00
773.13452	2.319	3.00
773.66248	2.321	3.00
777.72040	2.333	3.00
785.62665	2.357	3.00
787.28601	2.362	3.00
789.61829	3.158	4.00
790.40076	3.162	4.00
793.49951	3.174	4.00
793.70746	2.381	3.00
794.26703	2.383	3.00
794.70648	2.384	3.00
794.88580	2.385	3.00
798.65436	2.396	3.00
801.82550	2.405	3.00
803.87952	2.412	3.00
804.08698	2.412	3.00
804.78510	3.219	4.00
815.08014	2.445	3.00
815.21558	2.446	3.00
826.70795	2.480	3.00
836.21246	2.509	3.00
838.71729	2.516	3.00
841.68695	2.525	3.00
850.10614	2.550	3.00
854.72064	2.564	3.00
862.43018	2.587	3.00
864.01245	2.592	3.00
864.48047	2.593	3.00
874.52106	2.624	3.00
878.76373	2.636	3.00
881.83887	2.646	3.00
888.27692	2.665	3.00
896.65503	2.690	3.00
899.79657	2.699	3.00
912.06812	2.736	3.00
916.12708	2.748	3.00
919.14825	2.757	3.00
920.99561	2.763	3.00
923.68903	2.771	3.00
928.54639	2.786	3.00
930.93079	2.793	3.00
936.62335	2.810	3.00
943.66974	2.831	3.00
944.48242	2.833	3.00
950.88599	2.853	3.00
954.85358	2.865	3.00
955.12488	2.865	3.00
959.75299	2.879	3.00
960.13940	2.880	3.00
968.70984	2.906	3.00
975.01855	2.925	3.00
975.65033	2.927	3.00
975.77991	2.927	3.00
977.51257	2.933	3.00
983.48560	2.950	3.00
991.76654	2.975	3.00
996.55798	2.990	3.00
997.68909	2.993	3.00
998.26941	2.995	3.00
1016.72491	3.050	3.00
1018.14435	3.054	3.00
1019.59167	3.059	3.00
1019.80444	3.059	3.00
1026.22009	3.079	3.00
1031.52271	3.095	3.00
1032.05798	3.096	3.00
1042.02551	3.126	3.00
1046.28357	3.139	3.00
1047.42505	3.142	3.00
1072.72656	3.218	3.00
1078.09290	3.234	3.00
1078.42371	3.235	3.00
1124.06140	3.372	3.00
1129.56152	3.389	3.00
1140.88892	3.423	3.00
1153.37500	3.460	3.00
1162.56421	3.488	3.00
1174.71765	3.524	3.00
1176.08179	3.528	3.00
1187.22449	3.562	3.00
1213.83716	3.642	3.00
1242.91528	3.729	3.00
1253.76758	3.761	3.00
1263.91553	3.792	3.00
1264.89124	3.795	3.00
1286.49609	3.859	3.00
1315.53857	3.947	3.00
1340.10461	4.020	3.00
1348.90027	4.047	3.00
1394.56177	4.184	3.00
1411.03015	4.233	3.00
1415.57068	4.247	3.00
1420.92993	4.263	3.00
1424.03149	4.272	3.00
1429.88098	4.290	3.00
1443.34900	4.330	3.00
1533.82446	4.601	3.00
1575.32056	4.726	3.00
