Scan	BasePeak	RT	MaxIntensity	CumulativeIntensity
1	430.88818359375	0.00508833333333333	35438.4765625	58424.6394042969
2	430.888946533203	0.0139683333333333	34902.3359375	119182.821655273
3	430.889251708984	0.0244583333333333	55613.53125	209662.330322266
6	430.888732910156	0.04226	37231.41015625	271289.327392578
7	430.889190673828	0.0520233333333333	35809.93359375	333888.692993164
8	430.888641357422	0.0621916666666667	48109.1328125	410800.655181885
9	430.888885498047	0.0726266666666667	49563.69140625	490545.741363525
10	430.888916015625	0.0830666666666667	34254.953125	546632.446624756
12	430.889038085938	0.09705	33438.83984375	599815.167175293
13	430.888824462891	0.107005	40806.1015625	666702.07913208
16	430.888732910156	0.12474	34057.02734375	722175.434509277
17	430.889068603516	0.134413333333333	37506.6015625	785588.519714355
18	430.888854980469	0.144895	36264.66015625	845726.002105713
19	430.888641357422	0.155443333333333	44590.76171875	915773.520294189
20	430.888641357422	0.165415	40463.6953125	981553.036529541
21	430.888977050781	0.175516666666667	42533.16796875	1048037.33615112
22	430.889038085938	0.185908333333333	64469.36328125	1146674.01437378
23	430.888885498047	0.196446666666667	50174.96484375	1223609.33029175
24	430.888641357422	0.206575	54433.60546875	1310656.49252319
25	430.889068603516	0.21636	56412.10546875	1402038.89047241
26	430.889068603516	0.226153333333333	51672.49609375	1485419.96228027
27	430.888854980469	0.236686666666667	56415.05859375	1575898.58813477
28	430.888793945313	0.24713	59747.203125	1667641.3604126
30	430.889251708984	0.260786666666667	58769.578125	1762468.84838867
31	430.888793945313	0.270425	49559.65625	1847013.03067017
33	430.889099121094	0.284901666666667	51439.14453125	1927437.12014771
34	430.88916015625	0.294858333333333	50588.65625	2013721.15658569
36	430.888824462891	0.308235	49691.33984375	2092319.52383423
37	430.888885498047	0.318188333333333	50795.49609375	2175675.15365601
38	430.889282226563	0.32814	50072.59375	2254375.86294556
39	430.888793945313	0.338713333333333	54247.6171875	2341620.82754517
40	430.889129638672	0.348766666666667	52695.6015625	2423488.87042236
41	430.889404296875	0.359156666666667	71281.828125	2537006.13012695
42	430.889587402344	0.369651666666667	51134.52734375	2620636.58129883
44	430.888885498047	0.384041666666667	46439.12109375	2696847.35736084
45	430.889862060547	0.393558333333333	47299.2421875	2773245.28924561
46	430.889801025391	0.404045	53019.59375	2859292.46820068
47	430.88916015625	0.414601666666667	74526.6484375	2975909.9708252
48	430.889251708984	0.42502	57754.4609375	3071496.63821411
49	430.889099121094	0.435515	49350.43359375	3150562.44497681
50	430.888854980469	0.446003333333333	49321.953125	3230700.33084106
51	430.889343261719	0.45654	46571.421875	3306495.13705444
52	430.88916015625	0.466986666666667	43324.140625	3376929.11630249
53	430.88916015625	0.477468333333333	48035.78515625	3453746.76113892
54	430.889434814453	0.487956666666667	53280.9609375	3538598.00772095
56	430.888763427734	0.502043333333333	53155.5078125	3623327.65142822
57	430.888824462891	0.512011666666667	58743.8203125	3712782.66192627
58	430.888549804688	0.52259	57230.98046875	3803481.72003174
59	430.888946533203	0.532468333333333	65738.2265625	3904519.42800903
60	430.888854980469	0.542911666666667	53196.015625	3993807.54638672
61	430.889373779297	0.553405	54499.02734375	4081516.9375
62	430.888641357422	0.563895	54156.00390625	4163278.96868896
63	430.889373779297	0.574378333333333	56084.71484375	4256621.11062622
64	430.888977050781	0.585145	58529.34765625	4350902.34405518
65	430.888885498047	0.595045	60271.21484375	4444531.48513794
66	430.888977050781	0.605208333333333	61720.04296875	4543157.76834106
67	430.888549804688	0.615741666666667	54740.51171875	4634177.91738892
68	430.889038085938	0.625958333333333	57550.53515625	4722747.63650513
69	430.888671875	0.636461666666667	56991.98046875	4815995.81008911
70	430.888732910156	0.646953333333333	71211.6796875	4934092.49539185
71	430.888702392578	0.656406666666667	62501.61328125	5035503.37942505
72	430.888549804688	0.666853333333333	66069.3125	5143912.8916626
73	430.888854980469	0.676995	63558.109375	5243307.20904541
74	430.888763427734	0.687501666666667	77471.390625	5359263.24780273
75	430.888916015625	0.698106666666667	70176.5703125	5469556.31088257
76	430.888763427734	0.708471666666667	57705.84375	5560879.58413696
77	430.888885498047	0.71897	60826.2265625	5661546.16165161
78	430.888610839844	0.729441666666667	55217.75	5749324.42111206
79	430.888977050781	0.739983333333333	64634.15234375	5852569.42526245
80	430.888763427734	0.750736666666667	60465.39453125	5948466.53347778
81	430.888702392578	0.760918333333333	56932.7421875	6039554.92367554
82	430.888977050781	0.77141	57789.0078125	6135484.51818848
83	430.888854980469	0.781971666666667	56856.67578125	6224312.41738892
84	430.889129638672	0.792411666666667	52042.3125	6306049.26107788
85	430.888854980469	0.802886666666667	60080.3515625	6397714.63079834
86	430.888885498047	0.81338	49603.38671875	6475181.69946289
87	430.889282226563	0.823908333333333	51851.6875	6559242.38653564
88	430.88916015625	0.834365	83129.3125	6684600.21908569
89	430.889068603516	0.844865	71442.90625	6796989.67938232
91	430.8896484375	0.859086666666667	81003.34375	6927291.84851074
92	430.888793945313	0.869168333333333	65102.85546875	7027393.25378418
93	430.889465332031	0.879228333333333	55405.01953125	7118890.21908569
94	430.889068603516	0.889718333333333	88399.3828125	7261541.14202881
95	430.889007568359	0.900258333333333	65166.890625	7361443.39620972
96	430.888824462891	0.9107	53924.37890625	7445520.68762207
97	430.888854980469	0.921205	54834.3359375	7532077.84567261
99	430.889221191406	0.935285	50301.44140625	7615438.78359985
100	430.888763427734	0.945245	56160.9765625	7702467.9498291
101	430.888854980469	0.955726666666667	49282.9453125	7782144.95367432
102	430.889373779297	0.966216666666667	43682.46875	7850366.83007813
103	430.888916015625	0.976781666666667	49888.91015625	7930333.78387451
104	430.888946533203	0.987208333333333	50419.578125	8010431.8706665
105	430.888977050781	0.9977	48100.921875	8088106.74951172
106	430.889007568359	1.00819166666667	58638.66015625	8180942.43447876
107	430.888916015625	1.01879666666667	54445.56640625	8270331.32781982
108	430.889343261719	1.02918666666667	58231.62890625	8364252.45095825
110	430.888885498047	1.04325333333333	49152.05078125	8439708.72265625
111	430.889038085938	1.053255	67995.421875	8546619.74591064
112	430.889404296875	1.06369833333333	66866.265625	8649160.26992798
113	430.889190673828	1.07419333333333	72722.203125	8767728.57409668
114	430.889282226563	1.0847	55390.34765625	8853799.78378296
115	430.889251708984	1.09523166666667	60829.640625	8953869.45193481
116	430.889251708984	1.105665	59647.6015625	9051181.12496948
117	430.888824462891	1.11648	55137.0234375	9140852.86663818
118	430.888854980469	1.12664333333333	56919.94921875	9230253.60491943
119	430.889221191406	1.1372	50852.7265625	9313564.85498047
120	430.889312744141	1.14763666666667	45435.04296875	9390190.20202637
121	430.889068603516	1.15815166666667	56589.73046875	9484397.40859985
122	430.889190673828	1.16861166666667	53517.08203125	9571156.84609985
123	430.889282226563	1.17917166666667	64791.3203125	9672294.31997681
124	430.888549804688	1.18960333333333	60827.6015625	9768614.45715332
125	430.888763427734	1.19960666666667	60989.76953125	9864442.31329346
126	430.889251708984	1.21022833333333	55371.19921875	9955791.39279175
127	430.888916015625	1.22063666666667	50983.61328125	10038978.401825
128	430.889221191406	1.231115	60311.74609375	10135257.7464905
129	430.888793945313	1.24159833333333	64369.55078125	10236469.9211121
130	430.889190673828	1.25195833333333	66019.9609375	10339202.0310974
131	430.889221191406	1.262525	70792.6640625	10455969.0917053
132	430.888946533203	1.27295	65454.1171875	10560933.7049561
133	430.888977050781	1.28377	58702.671875	10653516.1593323
134	430.889007568359	1.29393	57999.4296875	10743543.7628479
135	430.889251708984	1.30447	61820.97265625	10842382.8089905
136	430.889221191406	1.31490333333333	54415.98046875	10931735.3606262
137	430.88916015625	1.32539333333333	68657.0546875	11041513.9102478
139	430.889221191406	1.339485	73770.1328125	11156091.7395325
140	430.889221191406	1.34978333333333	73968.0234375	11275706.0351563
141	430.889282226563	1.359925	67929.953125	11388847.3323364
142	430.889343261719	1.37045166666667	83654.4453125	11522192.8742065
144	430.888916015625	1.38492333333333	71968.421875	11636810.7152405
145	430.889282226563	1.39487166666667	73729.8515625	11754162.1211243
146	430.889099121094	1.40537666666667	67805.21875	11860802.1529236
147	430.889068603516	1.41593166666667	74509.5078125	11977086.3608093
148	430.889099121094	1.42635166666667	71061.5	12089236.4177551
149	430.88916015625	1.43685	61808.9609375	12192925.991272
150	430.889099121094	1.44735	78461.453125	12316825.8372803
151	430.888977050781	1.45787666666667	65292.6484375	12423583.8069153
153	430.889190673828	1.471855	64532.39453125	12526523.2785645
154	430.889251708984	1.481815	68467.1171875	12630908.3186951
156	430.889129638672	1.495875	59064.26953125	12725122.0983276
158	430.889099121094	1.50935666666667	66296.5546875	12829800.7210083
159	430.889007568359	1.51933	63538.421875	12932846.7541504
160	430.889068603516	1.52984666666667	60414.71484375	13026565.5680542
161	430.888916015625	1.54030666666667	49906.04296875	13107496.7216797
162	430.889099121094	1.55090333333333	51357.63671875	13193681.3617554
164	430.889190673828	1.56485666666667	84068.8515625	13323139.3337708
165	430.888732910156	1.57483166666667	77037.3125	13447826.7013855
166	430.88916015625	1.58532333333333	59115.78125	13546570.415802
167	430.889038085938	1.59582	56967.64453125	13635829.4526672
168	430.889221191406	1.60633166666667	55458.1484375	13725669.5805054
169	430.889221191406	1.616775	54475.15234375	13810981.2741394
170	430.889099121094	1.627275	61911.09375	13910133.7733459
171	430.88916015625	1.63778666666667	69828.09375	14018526.1874084
172	430.889129638672	1.64831	59678.03125	14119142.9881287
173	430.889251708984	1.658745	54073.68359375	14207932.8759766
174	430.88916015625	1.66923666666667	65333.20703125	14308055.5737915
175	430.889007568359	1.67973	49138.00390625	14390583.0906067
177	430.888946533203	1.69395833333333	61254.5546875	14485788.5014343
178	430.889251708984	1.70392666666667	72870.9765625	14598049.7664185
179	430.888977050781	1.71441333333333	61107.46484375	14698238.1863709
180	430.888946533203	1.72506666666667	74407.046875	14823947.9228821
181	430.889312744141	1.73539666666667	56525.18359375	14915281.2124939
182	430.889099121094	1.745885	69135.4609375	15025887.5744934
183	430.888977050781	1.75636666666667	60600.87890625	15119199.7628479
185	430.889373779297	1.77044833333333	60442.8671875	15213515.3807678
186	430.889068603516	1.78041666666667	61126.29296875	15308568.0912476
187	430.889038085938	1.79089166666667	62548.12890625	15405739.7293701
188	430.889007568359	1.80147833333333	71020.6171875	15519307.5877991
189	430.889038085938	1.81187166666667	64248.015625	15624647.8561401
190	430.889282226563	1.822365	60417.46875	15722282.2850952
191	430.88916015625	1.83286666666667	75676.5625	15847850.0448914
192	430.88916015625	1.843425	73323.7421875	15964580.4450989
193	430.889221191406	1.85385166666667	100573.5234375	16127736.801239
194	430.889190673828	1.86434	98120.9453125	16283142.7385254
195	430.888366699219	1.87486	82503.7890625	16419574.1044922
196	430.888793945313	1.88432833333333	86236.546875	16552896.5152588
197	430.889434814453	1.89363833333333	77081.203125	16677478.9733276
199	430.888549804688	1.9077	66142.7890625	16782582.7235107
200	430.888793945313	1.916865	66039.5625	16885166.8634644
201	430.888732910156	1.92565833333333	57712.51953125	16978772.7197266
202	430.889038085938	1.93494333333333	62641.0390625	17085591.4483032
203	430.889251708984	1.945415	54752.6171875	17171902.980835
204	430.888885498047	1.95595666666667	49539.421875	17245554.3988037
205	430.888793945313	1.96533333333333	45541.82421875	17321574.3833618
206	430.888885498047	1.97471	66408.734375	17428077.4706421
207	430.888732910156	1.98424666666667	81303.078125	17555070.8843384
208	430.889282226563	1.99394	49377.33984375	17635860.907959
209	430.888977050781	2.00437166666667	47704.875	17712339.6367798
210	430.88916015625	2.01373666666667	46423.67578125	17784955.1866455
211	430.889892578125	2.02316833333333	40729.05859375	17850123.0192566
215	430.888793945313	2.04448666666667	36622.26953125	17912124.4588928
216	430.88916015625	2.05327166666667	40268.984375	17977547.2843933
217	430.888366699219	2.06270833333333	54087.390625	18067199.5726013
218	430.889312744141	2.07209333333333	45939.0546875	18144888.7145386
219	430.889038085938	2.08252666666667	55898.6328125	18232022.0767212
220	430.889221191406	2.09304	52538.72265625	18314199.0742798
221	430.888977050781	2.10351833333333	55291.77734375	18401708.4605713
222	430.889282226563	2.114065	45695.11328125	18475663.7669067
223	430.889678955078	2.12451	36635.66015625	18534226.8645325
224	430.889251708984	2.13500833333333	51351.19921875	18613044.1315918
225	430.889129638672	2.145505	56659.70703125	18707805.7255859
226	430.88916015625	2.15603	78410.4765625	18829180.3717041
227	430.889038085938	2.16647666666667	55306.1875	18919881.0288086
228	430.889068603516	2.17695166666667	56331.1640625	19009654.8574524
229	430.889373779297	2.18745833333333	56369.0625	19098084.7383118
230	430.888824462891	2.19798833333333	51504.97265625	19178742.3978577
231	430.889129638672	2.20843666666667	68998.8359375	19291153.191925
232	430.888946533203	2.21892833333333	51125.00390625	19372160.8736877
233	430.889007568359	2.229505	65104.6875	19474668.9566956
234	430.888793945313	2.23994833333333	36084.4140625	19530060.9253845
235	430.889068603516	2.249435	35480.90234375	19588152.2954407
236	430.888885498047	2.258975	31326.732421875	19639898.2462769
237	430.888641357422	2.26847833333333	30481.291015625	19688677.1676025
238	430.888549804688	2.27808833333333	37869.21484375	19746593.7815857
239	430.888641357422	2.28757666666667	25488.650390625	19792857.7365723
240	430.888641357422	2.29717666666667	32772.19140625	19847154.8535767
241	430.888977050781	2.30667	30186.1484375	19896448.3228149
243	430.888793945313	2.31988166666667	33076.87109375	19949621.8726807
244	430.88916015625	2.32893166666667	27664.470703125	19997548.7116699
245	430.888885498047	2.33849833333333	26069.5078125	20040338.1954956
246	430.888732910156	2.348095	24598.41796875	20084261.8347473
247	430.888641357422	2.35777666666667	23287.70703125	20123649.39151
250	430.888732910156	2.37455333333333	28430.576171875	20170144.6934509
253	430.889221191406	2.391125	50900.62109375	20249901.5954895
254	430.889129638672	2.401185	48131.1640625	20325349.5019531
256	430.889129638672	2.41508666666667	43519.2421875	20394511.8785095
257	430.888885498047	2.42512	30029.8671875	20443608.6702576
258	430.88916015625	2.43456833333333	30638.794921875	20492259.4720154
259	430.888641357422	2.44409833333333	34709.06640625	20549381.2239685
260	430.888885498047	2.453665	48567.72265625	20625410.4437561
262	430.888732910156	2.46680833333333	42863.00390625	20694048.3729553
263	430.889190673828	2.47582666666667	62398.34765625	20795970.9259949
264	430.889343261719	2.486315	76641.484375	20917800.6682739
265	430.889556884766	2.49684666666667	54366.0546875	21004931.3044434
266	430.888732910156	2.50728666666667	34723.73046875	21065482.5772095
267	430.888641357422	2.51716	47818.86328125	21141298.246521
269	430.888885498047	2.52997	36149.69140625	21198980.8505859
270	430.888458251953	2.53908	49734.9765625	21277487.567627
272	430.888793945313	2.55230833333333	38633.57421875	21339599.6125793
274	430.888885498047	2.564995	33053.8046875	21393225.4145813
275	430.88916015625	2.57414	33051.2734375	21447976.9223328
277	430.888641357422	2.58715833333333	32087.236328125	21499898.3165588
280	430.888977050781	2.60345	49324.0078125	21576701.9997253
281	430.888885498047	2.61245833333333	58986.81640625	21668848.5256042
283	430.888793945313	2.62558	43350.73828125	21736732.3373108
284	430.888793945313	2.63473166666667	44732.9921875	21809013.1357727
285	430.889434814453	2.64418166666667	32167.7578125	21863889.4506226
286	430.888793945313	2.65374	34160.7109375	21920247.8671875
288	430.88916015625	2.66680333333333	40819.28515625	21989626.1536865
289	430.889434814453	2.675915	49541.6875	22066551.6263428
290	430.888977050781	2.68539833333333	33718.92578125	22117379.2166748
291	430.888793945313	2.69497	32643.125	22171621.5936279
292	430.888885498047	2.704475	31452.744140625	22227044.1877747
295	430.889343261719	2.72149	30642.154296875	22280124.3244629
296	430.88916015625	2.73045	35185.6796875	22335838.737854
297	430.889068603516	2.74007833333333	30045.8046875	22383762.7653198
298	430.888732910156	2.74990166666667	31062.630859375	22433619.3057251
299	430.889251708984	2.759065	31118.4921875	22483872.2109375
300	430.889343261719	2.76859666666667	33097.46484375	22536630.0786438
301	430.888793945313	2.77814166666667	52382.8515625	22618375.2854919
302	430.888977050781	2.78770333333333	33182.34765625	22672629.995636
303	430.889068603516	2.79718333333333	33720.73046875	22725293.1629944
304	430.888977050781	2.806765	35061.88671875	22778168.9387512
305	430.888977050781	2.81663666666667	33018.9296875	22832707.0351868
306	430.889251708984	2.82598166666667	33567.625	22893412.649231
307	430.889068603516	2.83554833333333	37405.3828125	22952379.9533997
308	430.888885498047	2.845215	41815.0234375	23021008.0708923
309	430.88916015625	2.854795	44329.36328125	23086926.8581848
310	430.889068603516	2.86439166666667	29584.06640625	23137274.8772888
312	430.888732910156	2.87738	31925.376953125	23190390.406311
313	430.889251708984	2.88642333333333	35056.921875	23245196.2761841
315	430.888977050781	2.899605	35514.609375	23302773.4483643
316	430.888977050781	2.908685	38337.15234375	23363931.052124
317	430.888885498047	2.91848333333333	36157.73828125	23421777.1842651
318	430.888977050781	2.92769833333333	34673.36328125	23477995.4678955
319	430.888793945313	2.937375	40637.3984375	23542401.0546875
320	430.888793945313	2.946925	33436.94921875	23599488.4086609
322	430.888885498047	2.960055	32621.0859375	23650384.7622986
323	430.888977050781	2.96911166666667	31029.234375	23702029.9247742
324	430.889251708984	2.97873666666667	28614.369140625	23750923.8317566
325	430.88916015625	2.98827833333333	39767.4921875	23817613.9023743
326	430.888732910156	2.99782666666667	38329.29296875	23880828.4060364
328	430.888885498047	3.01098166666667	33277.7578125	23935446.165802
329	430.888732910156	3.02008833333333	32792.08203125	23987870.7848816
330	430.888549804688	3.02961833333333	39234.61328125	24049715.4544983
332	430.889251708984	3.04269333333333	39712.53125	24114707.5417175
334	430.889617919922	3.055355	62757.3046875	24214527.7092896
335	430.889099121094	3.065325	67756.1484375	24321098.1889343
337	430.889099121094	3.079415	69999.0859375	24433509.2835083
338	430.88916015625	3.08942	84648.8515625	24569451.928894
339	430.88916015625	3.099875	72086.7578125	24682377.1429443
340	430.88916015625	3.11035833333333	82134.625	24814664.1393433
341	430.888885498047	3.12086666666667	55175.6484375	24901764.2734375
343	430.888458251953	3.13365666666667	60253.14453125	24999001.5842896
344	430.888793945313	3.142595	48215.328125	25077023.0708923
345	430.888885498047	3.15206166666667	52571.08984375	25161984.4769592
347	430.888977050781	3.165055	48124.87109375	25238201.2382507
349	430.888885498047	3.17754	48013.21484375	25315096.7767029
350	430.888732910156	3.18642166666667	57504.86328125	25407114.5158386
351	430.888885498047	3.19587333333333	45454.734375	25477680.0650635
353	430.888977050781	3.20900333333333	45253.8046875	25546113.5595093
355	430.888732910156	3.22165333333333	42557.125	25616414.8754272
356	430.889251708984	3.23070666666667	37479.65234375	25674546.0162964
358	430.889434814453	3.24394333333333	41969.35546875	25741587.0117798
360	430.889434814453	3.25654833333333	45586.10546875	25815864.2780762
361	430.889068603516	3.265485	79298.0625	25938717.9757385
362	430.889434814453	3.27505833333333	55533.23828125	26027085.3934631
363	430.888793945313	3.28474333333333	48905.00390625	26101944.164978
364	430.888732910156	3.29384833333333	40446.89453125	26172366.8217773
365	430.889251708984	3.30325333333333	46149.140625	26248260.5799561
366	430.889343261719	3.31279	46674.14453125	26323003.4136353
367	430.888885498047	3.32225833333333	49972.65234375	26398361.6117554
368	430.889343261719	3.33171666666667	42709.88671875	26468237.9017029
369	430.889251708984	3.34125666666667	59184.7109375	26563801.6590271
370	430.889434814453	3.35108666666667	50412.8046875	26643060.8900452
371	430.888977050781	3.360135	42031.37109375	26712176.1985779
372	430.888885498047	3.36965333333333	49080.23046875	26788174.6713562
373	430.889251708984	3.37914333333333	48166.796875	26863673.5419617
374	430.889251708984	3.38869666666667	55141.21484375	26950464.3068542
375	430.889251708984	3.39825	43190.703125	27021001.459259
376	430.88916015625	3.40774833333333	48975.81640625	27100713.6630554
377	430.888977050781	3.41757833333333	49999.86328125	27185308.5736389
378	430.889434814453	3.42661	53243.765625	27271648.2496033
379	430.889434814453	3.43588666666667	48827.1796875	27347392.1455994
380	430.888977050781	3.4453	54077.5625	27435828.3440247
381	430.888732910156	3.45482166666667	42700.390625	27501110.8080139
382	430.888977050781	3.46438666666667	46786.75390625	27575472.6749573
383	430.888885498047	3.47371166666667	46913.60546875	27649420.7507019
384	430.889068603516	3.48347	45764.4921875	27720185.3018494
385	430.88916015625	3.49259666666667	56109.84375	27807119.0713196
386	430.889251708984	3.50217833333333	42031.953125	27872733.0500183
388	430.88916015625	3.51529666666667	41469.23046875	27935794.8323364
389	430.888977050781	3.524425	41628.80859375	28002512.8051147
390	430.889343261719	3.53395666666667	44622.75	28075705.4168701
393	430.889434814453	3.55087	61676.53125	28169001.963623
394	430.889251708984	3.55998	45299.609375	28239921.9255371
395	430.889068603516	3.56965833333333	35356.8125	28297939.7590332
396	430.889251708984	3.57928666666667	38628.58984375	28364215.5987549
397	430.889434814453	3.588845	36233.828125	28421867.7251587
398	430.888977050781	3.59835333333333	41299.6171875	28489180.6205444
400	430.889556884766	3.611355	82159.5546875	28621995.2800903
402	430.888641357422	3.625095	95563.1328125	28777744.1681519
403	430.888641357422	3.633985	86723.15625	28917225.9822998
404	430.888641357422	3.64393833333333	90567.9609375	29058974.0511475
405	430.888641357422	3.65333333333333	83435.4453125	29189412.7680664
406	430.88916015625	3.66264166666667	99354.546875	29350689.1460571
407	430.88916015625	3.67309666666667	110002.71875	29529384.0583496
408	430.889038085938	3.68391333333333	91870.9765625	29680838.5473938
409	430.889068603516	3.694075	92626.3828125	29824180.209198
410	430.889282226563	3.7046	80898.109375	29955303.6327209
411	430.889129638672	3.715045	89480.5703125	30094723.893219
412	430.88916015625	3.72556	82978.171875	30224573.6716919
413	430.889465332031	3.73603166666667	80914.953125	30350658.2476501
414	430.8896484375	3.74657833333333	63050.1328125	30447971.6800842
415	430.889282226563	3.75711833333333	82651.1953125	30578670.3296814
416	430.889251708984	3.767515	89493.4921875	30724137.3518677
417	430.889251708984	3.77799833333333	88893.9609375	30872999.1760254
418	430.889068603516	3.78852666666667	90522.2265625	31017504.0427856
419	430.889099121094	3.79898833333333	85747.0390625	31155349.5232544
420	430.889038085938	3.80948	84319.3515625	31292633.4967041
421	430.888458251953	3.81996166666667	95341.453125	31444130.3880615
422	430.889129638672	3.829925	77277.2578125	31563072.0155334
423	430.889190673828	3.84034833333333	89449.1875	31706660.9000244
424	430.889251708984	3.851165	110135.6484375	31881880.6395569
425	430.889190673828	3.86133	100362.4765625	32046430.6577454
426	430.889099121094	3.87189166666667	88585.59375	32188002.6376953
427	430.889190673828	3.88233	90423.359375	32333284.9450684
428	430.889343261719	3.89282	111865.1953125	32514339.0261536
429	430.889099121094	3.903325	97757.984375	32674213.563324
430	430.889068603516	3.91384333333333	97694.90625	32831788.1282959
431	430.890075683594	3.92438666666667	56919.98828125	32923754.2818604
432	430.889251708984	3.93477166666667	87538.140625	33063949.8404846
433	430.889007568359	3.945275	106790.109375	33237222.8840637
434	430.889190673828	3.95580333333333	69512.640625	33348224.3765869
435	430.889862060547	3.96626666666667	73942.578125	33465755.1952209
437	430.889099121094	3.98027	100315.484375	33624211.2984314
438	430.889007568359	3.99028	92367.6875	33773822.1516724
439	430.888946533203	4.00073666666667	99608.5390625	33936264.4980469
440	430.889129638672	4.01120166666667	100801.140625	34097430.2004395
441	430.888916015625	4.02170333333333	110149.578125	34270774.1525879
442	430.888977050781	4.03224666666667	101982.3046875	34436513.3189697
443	430.889434814453	4.04271	71683.2109375	34551069.0610046
444	430.888977050781	4.05316333333333	52534.73046875	34632434.1269836
445	430.888732910156	4.06289333333333	49379.0546875	34708057.5400085
446	430.888732910156	4.072705	50549.51171875	34782219.9075623
447	430.888641357422	4.08239166666667	48399.390625	34855957.8075256
448	430.888885498047	4.09215166666667	57051.8828125	34944093.6020203
449	430.888793945313	4.10174666666667	49285.19140625	35024393.8859558
450	430.888793945313	4.11149	53338.078125	35108496.2165222
451	430.888793945313	4.12110833333333	45568.64453125	35180583.2947693
454	430.888732910156	4.13808333333333	46071.4765625	35256093.617157
455	430.889251708984	4.14735333333333	40649.3046875	35318787.1264954
456	430.888366699219	4.157	114697.0859375	35501515.8279114
457	430.888885498047	4.16661166666667	60881.88671875	35593236.5340881
459	430.888793945313	4.17992333333333	48088.19140625	35669517.3903503
460	430.88916015625	4.18926833333333	46248.1640625	35744018.1476135
461	430.888732910156	4.19905	49771.48828125	35824210.8106384
463	430.888793945313	4.212485	50289.9921875	35908312.131134
464	430.889343261719	4.22164166666667	55787.12890625	35997823.1382141
465	430.889556884766	4.23122333333333	86765.5078125	36137967.8215027
466	430.889068603516	4.24170166666667	63091.19921875	36244284.4741516
467	430.889343261719	4.25125833333333	61104.125	36337096.2799377
468	430.888977050781	4.260935	59529.76171875	36429194.6911316
471	430.888885498047	4.27753666666667	44656.8984375	36497588.0896301
472	430.889526367188	4.28693833333333	44641.9296875	36570145.1559143
473	430.88916015625	4.296975	40396.09375	36636560.9910889
474	430.888885498047	4.30689	38412.25	36696211.8168335
475	430.888885498047	4.31712166666667	45203.8828125	36768223.8973999
476	430.889343261719	4.326605	39616.921875	36833967.5914917
477	430.888977050781	4.33656666666667	36363.70703125	36889685.056488
478	430.888977050781	4.34646333333333	39311.0625	36952419.7342834
479	430.888977050781	4.356315	39597.390625	37014824.3667297
480	430.889343261719	4.366145	44915.53125	37085556.430542
483	430.888793945313	4.38312166666667	34367.19921875	37136438.4277954
484	430.888885498047	4.39256166666667	57721.90625	37226145.5178833
486	430.88916015625	4.40599	36300.7109375	37285378.6084595
487	430.888885498047	4.415525	39887.0078125	37347932.3766174
488	430.88916015625	4.42551833333333	39728.21484375	37415217.8398743
490	430.888977050781	4.43908833333333	42919.20703125	37488216.7695313
493	430.888885498047	4.45579666666667	50450.05859375	37564412.4428101
494	430.889526367188	4.46511166666667	62786.3125	37663705.6925659
495	430.889068603516	4.47491333333333	84588.71875	37796361.9751282
496	430.889343261719	4.48510166666667	57679.625	37886046.427063
497	430.888793945313	4.49472833333333	50212.18359375	37963392.6950684
498	430.889343261719	4.50475	55025.4765625	38050882.045166
499	430.889068603516	4.51463	51714.08203125	38135786.8847961
500	430.889068603516	4.52449333333333	55009.8984375	38222389.7970276
503	430.888885498047	4.541435	60972.78125	38322096.5070496
505	430.889251708984	4.55464	130235.984375	38526750.3219604
506	430.889221191406	4.56465166666667	111803.6953125	38701226.3959351
507	430.889251708984	4.575105	107275.953125	38873198.9958496
508	430.889190673828	4.58559833333333	90764.375	39024471.4389648
510	430.889282226563	4.59963666666667	87444.703125	39163671.3493347
511	430.8896484375	4.609695	53634.50390625	39247009.5958252
514	430.88916015625	4.62710166666667	47711.90234375	39327328.1031799
517	430.889526367188	4.64352166666667	51700.40234375	39409900.188385
518	430.88916015625	4.65290166666667	52399.1328125	39491756.6152649
519	430.889068603516	4.66268666666667	47973.203125	39568809.8865662
520	430.888732910156	4.672495	53944.9375	39658462.967865
521	430.888793945313	4.68214666666667	59789.37109375	39755605.54953
522	430.889373779297	4.69188	104218.3046875	39928618.9362793
523	430.889221191406	4.70238833333333	99034.234375	40087689.2340088
525	430.889617919922	4.71644666666667	63983.921875	40189436.9017334
526	430.888275146484	4.72642	118971.1015625	40381873.609375
527	430.88916015625	4.73608666666667	103190.640625	40548005.9030151
528	430.889068603516	4.746635	93622.296875	40700081.3587036
529	430.889099121094	4.75706666666667	98367.3203125	40855256.4984131
530	430.889190673828	4.767575	114955.328125	41034636.0484924
533	430.889404296875	4.78532166666667	84588.7109375	41169608.3508911
534	430.888793945313	4.79529333333333	60708.4609375	41264929.0507813
535	430.88916015625	4.80501333333333	70304.34375	41376333.5412598
536	430.888732910156	4.81481833333333	58687.61328125	41471367.4152832
538	430.888885498047	4.82810166666667	58973.8515625	41561528.3046875
539	430.889251708984	4.83732833333333	49325.07421875	41639770.3562622
540	430.888793945313	4.84715166666667	51496.93359375	41723469.4748535
541	430.889221191406	4.85697666666667	94371.5390625	41869387.1897583
542	430.889038085938	4.86745166666667	85829.5234375	42007515.5964966
543	430.889556884766	4.87793	57465.09765625	42101164.8684082
544	430.889251708984	4.88841666666667	46113.1875	42177060.9747925
545	430.889434814453	4.89848833333333	44601.19921875	42247247.3872986
547	430.888732910156	4.91215166666667	44169.24609375	42316663.9005432
548	430.889251708984	4.92145	41535.30078125	42382034.9663696
549	430.889251708984	4.93141	41123.953125	42449219.4898376
552	430.88916015625	4.94855333333333	57953.90234375	42534318.7650146
553	430.889434814453	4.95804666666667	49105.765625	42606080.4424438
554	430.888885498047	4.96820166666667	46639.59765625	42677840.8487244
555	430.889068603516	4.97814666666667	43100.4296875	42743750.2308044
556	430.889068603516	4.987995	42038.8203125	42813085.8775024
557	430.888885498047	4.998015	37902.67578125	42872264.0477905
558	430.889343261719	5.00807666666667	36290.140625	42928781.7750549
560	430.888885498047	5.022025	30168.013671875	42977971.8576355
562	430.888732910156	5.03511333333333	35511.5859375	43034952.307373
563	430.888793945313	5.044615	32726.318359375	43083204.0115356
564	430.888732910156	5.054545	36478.05078125	43140630.6440125
565	430.88916015625	5.06445833333333	48644.109375	43217535.776825
567	430.888977050781	5.07797333333333	45222.45703125	43290002.8874817
568	430.889251708984	5.087355	40651.1796875	43355598.2415771
569	430.889068603516	5.09729166666667	34309.45703125	43412145.3786011
570	430.888885498047	5.10715	42797.72265625	43478494.2607422
571	430.889068603516	5.11741166666667	34289.6796875	43535775.8644714
572	430.889068603516	5.12682166666667	39071.85546875	43597325.4527893
573	430.889068603516	5.136615	36981.6875	43657119.4021301
575	430.888977050781	5.15052	36214.125	43714999.1004639
578	430.889343261719	5.16706333333333	47039.18359375	43790194.5489807
579	430.88916015625	5.17625333333333	41883.5703125	43860400.1463928
580	430.889068603516	5.18602666666667	34840.76171875	43917180.1063538
582	430.888641357422	5.199445	40026.16015625	43978983.2962952
583	430.888885498047	5.20863166666667	35957.15625	44036372.2428284
584	430.889343261719	5.218525	41629.66796875	44100511.1012878
585	430.889068603516	5.228375	49644.0234375	44174955.6322937
587	430.889343261719	5.241945	35902.953125	44229075.4258118
590	430.889251708984	5.258825	31404.953125	44281915.6967163
591	430.888793945313	5.26814833333333	32001.451171875	44332277.0935669
592	430.888885498047	5.27801666666667	31648.283203125	44384482.8250122
593	430.889068603516	5.28810333333333	37566.0390625	44441934.6889648
594	430.888885498047	5.29788833333333	47882.0703125	44513831.7397461
595	430.888885498047	5.307885	37940.7109375	44575427.6034546
596	430.88916015625	5.31819333333333	29545.083984375	44623697.228302
598	430.88916015625	5.33149333333333	33040.51171875	44678028.365448
599	430.888885498047	5.34092166666667	31118.646484375	44724656.0003967
601	430.888641357422	5.354825	25520.197265625	44768006.5570679
602	430.88916015625	5.36461	25967.103515625	44809598.1384888
603	430.888793945313	5.37481833333333	41949.40234375	44876838.2385559
604	430.888885498047	5.38522833333333	30620.998046875	44928216.0539856
606	430.888732910156	5.39861333333333	34331.01171875	44982502.4017639
608	430.888641357422	5.41169666666667	45210.71875	45051048.8592834
610	430.888732910156	5.42488166666667	37473.453125	45109951.2936096
611	430.889343261719	5.434275	38791.14453125	45169549.5892639
614	430.88916015625	5.45125	31818.30078125	45221217.5935364
615	430.888732910156	5.460795	56476.28515625	45305614.7382507
616	430.888793945313	5.47069666666667	31181.20703125	45353942.3937378
617	430.888977050781	5.48069166666667	36648.5390625	45411940.5861511
618	430.889068603516	5.49058666666667	35717.99609375	45468940.1960449
619	430.889068603516	5.5005	40050.7109375	45531731.9213562
620	430.889251708984	5.51051	37776.01171875	45591565.2557068
621	430.888885498047	5.520445	32703.783203125	45644132.3474731
622	430.888977050781	5.53044	33258.1171875	45698008.8829346
623	430.889068603516	5.54042833333333	35283.21484375	45752477.5341492
625	430.888885498047	5.55411333333333	28749.11328125	45799672.8484192
627	430.889343261719	5.56716	34906.578125	45857732.019928
629	430.888977050781	5.58021666666667	36645.5078125	45915947.7575989
630	430.888793945313	5.58962666666667	40842.90625	45983588.4358826
631	430.888641357422	5.59948	37795.19140625	46042984.3110352
634	430.889068603516	5.61657333333333	42751.49609375	46113895.7185059
636	430.889251708984	5.62976666666667	34376.3046875	46169063.3432617
637	430.888732910156	5.63926666666667	30191.4453125	46221631.3700562
638	430.88916015625	5.64937166666667	27471.86328125	46265396.1798096
639	430.888793945313	5.65949333333333	28716.70703125	46313010.1294556
640	430.888977050781	5.66955333333333	30364.55078125	46363972.4718018
642	430.88916015625	5.68321333333333	27844.36328125	46408776.8377991
644	430.888732910156	5.696345	31555.9609375	46459059.3327332
645	430.889343261719	5.70584833333333	31303.837890625	46511789.8613892
646	430.888977050781	5.71598166666667	36649.56640625	46569851.552063
647	430.888793945313	5.72604666666667	38505.22265625	46630907.708313
648	430.888885498047	5.73598833333333	35847.78125	46686150.7536011
649	430.889068603516	5.74609166666667	35635.26953125	46746033.065094
650	430.888977050781	5.75608833333333	37920.66015625	46806452.5694885
651	430.888732910156	5.76605333333333	32945.6484375	46856590.1327209
653	430.888885498047	5.77961666666667	34530.16796875	46911383.5836792
655	430.889068603516	5.79277666666667	28382.27734375	46956600.9498596
656	430.888977050781	5.80253166666667	36620.2265625	47015458.5188904
657	430.888732910156	5.81249833333333	35456.3671875	47071743.0423889
658	430.889221191406	5.82251166666667	64845.1953125	47178865.9368591
659	430.889038085938	5.83302666666667	67251.609375	47288271.2545471
660	430.888885498047	5.84356666666667	60348.88671875	47390009.7999573
661	430.889099121094	5.854015	61900.3828125	47490868.7931824
662	430.888702392578	5.86448833333333	62143.890625	47592459.769165
664	430.888366699219	5.87853166666667	35531.04296875	47648337.5884399
665	430.888977050781	5.88788666666667	39476.33203125	47711612.4841614
667	430.88916015625	5.90120666666667	32786.546875	47766418.7169189
668	430.889251708984	5.91069333333333	30783.890625	47818871.7535706
669	430.888793945313	5.92072833333333	34270.4765625	47871556.2475281
670	430.888732910156	5.93068333333333	35558.15234375	47928873.1772766
671	430.88916015625	5.94063333333333	39766.78125	47987857.4564514
675	430.888793945313	5.96153333333333	40225.765625	48047771.3730469
676	430.888885498047	5.971075	43113.890625	48115911.011261
679	430.888885498047	5.98839333333333	44109.35546875	48187928.4825134
681	430.888732910156	6.00141666666667	40440.96875	48251266.0279846
684	430.888885498047	6.018075	36957.06640625	48311072.7381897
685	430.888885498047	6.027595	45068.63671875	48379576.7499084
687	430.889068603516	6.04109833333333	44152.796875	48451558.0436096
689	430.888793945313	6.05422166666667	39142.93359375	48515696.8867493
690	430.888793945313	6.063815	40094.91796875	48578229.1096802
692	430.88916015625	6.07736666666667	44954.1796875	48647968.5447388
693	430.888885498047	6.08677833333333	36770.67578125	48707911.9664001
695	430.889251708984	6.10034166666667	43290.19921875	48778999.9467163
697	430.888885498047	6.11348333333333	41867.9296875	48844394.0698853
699	430.889251708984	6.126585	42730.25390625	48908410.5498657
700	430.889434814453	6.13626833333333	40226.4921875	48974261.7162781
701	430.888885498047	6.14637333333333	39041.8828125	49039440.5784607
702	430.889343261719	6.15632666666667	44356.796875	49111976.9182739
703	430.888977050781	6.16637833333333	74996.40625	49227242.708313
704	430.889251708984	6.17654166666667	43858.47265625	49295703.0464172
705	430.88916015625	6.18664833333333	37165.8046875	49354572.3216858
706	430.888977050781	6.19679833333333	49337.140625	49432337.865387
707	430.888977050781	6.20675666666667	41067.01953125	49497014.7464905
710	430.88916015625	6.22397833333333	38909.77734375	49559479.6736755
712	430.889434814453	6.23702	36403.3359375	49615219.4079895
715	430.889434814453	6.25364166666667	54314.54296875	49700626.6121826
716	430.889068603516	6.26315666666667	41740.26953125	49767768.7627563
717	430.889251708984	6.27308833333333	46580.1640625	49840932.6151733
718	430.889343261719	6.28344166666667	40236.06640625	49909699.2853088
719	430.889251708984	6.292925	39213.9296875	49971305.3148804
720	430.889434814453	6.30277166666667	38054.26953125	50033205.8890381
721	430.889251708984	6.312895	38224.18359375	50093824.2532959
722	430.888793945313	6.32284833333333	34563.43359375	50149641.315979
723	430.88916015625	6.33277666666667	44551.4375	50215941.0635376
724	430.888793945313	6.34267833333333	46775.71875	50294270.4568481
725	430.888793945313	6.35258833333333	47656.8203125	50367966.3364258
726	430.889251708984	6.36252166666667	48384.20703125	50442861.4267273
727	430.889068603516	6.37244166666667	42212.05859375	50509217.8988342
729	430.889343261719	6.38590833333333	49045.8203125	50585677.2924805
730	430.889068603516	6.39537833333333	52867.92578125	50671912.5963745
731	430.889343261719	6.40522666666667	57107.5	50764515.5481567
732	430.888885498047	6.415	62237.59375	50862780.8124084
734	430.889068603516	6.42856	44492.23828125	50933611.2042236
735	430.888977050781	6.43798	50628.9375	51010427.4455566
736	430.888793945313	6.447965	54962.1640625	51092350.3372498
737	430.889068603516	6.45798666666667	54224.296875	51175305.289032
740	430.888793945313	6.47532	44970.375	51246808.068634
741	430.888793945313	6.48531833333333	35569.38671875	51302836.5349426
742	430.889251708984	6.49506666666667	45832.12109375	51373416.296051
743	430.889068603516	6.50519166666667	37717.41015625	51437448.4526367
744	430.888977050781	6.51510333333333	46499.01171875	51510680.3373108
745	430.88916015625	6.52509833333333	40557.7734375	51572055.4169006
746	430.888885498047	6.535165	43705.4140625	51641361.6421509
747	430.888641357422	6.54535166666667	41160.69140625	51704099.2576599
749	430.888793945313	6.55901	32357.509765625	51758795.6597595
751	430.888641357422	6.57202166666667	52300.44140625	51838842.6749573
752	430.888977050781	6.58150333333333	50066.828125	51914996.9246216
753	430.888977050781	6.59145166666667	41441.48828125	51981688.6092529
755	430.889068603516	6.60499333333333	37938.3359375	52043461.2704468
756	430.888732910156	6.61456	50986.0546875	52120500.0824585
757	430.889251708984	6.62444166666667	43003.65625	52191538.2492981
758	430.889251708984	6.63444833333333	34630.36328125	52246339.7848206
759	430.889251708984	6.644475	40808.41796875	52313801.9914856
761	430.889068603516	6.65807833333333	43757.73046875	52389292.8768616
762	430.889251708984	6.66749	60348.53125	52485066.6283569
764	430.889251708984	6.68102166666667	50310.07421875	52562255.6000061
765	430.88916015625	6.69039166666667	68581.0859375	52667875.8302307
766	430.888793945313	6.70036333333333	43708.375	52738442.9471741
767	430.889343261719	6.71029	48080.1640625	52812187.4332886
769	430.888885498047	6.72392833333333	39508.859375	52877736.7093506
770	430.889068603516	6.73337333333333	37530.03125	52938751.2407227
772	430.88916015625	6.74685166666667	41080.203125	53008177.6480713
774	430.889434814453	6.75991166666667	40904.23046875	53075192.718811
776	430.88916015625	6.77301333333333	47690.0390625	53148949.1005249
777	430.88916015625	6.78239166666667	44310.15234375	53218003.0731201
778	430.889343261719	6.79237333333333	45307.13671875	53292810.4003296
779	430.889434814453	6.80221333333333	48719.84765625	53368059.4093628
780	430.889251708984	6.8121	40679.03125	53435168.1585388
781	430.88916015625	6.82211	41845.60546875	53497588.4770813
782	430.889068603516	6.83192333333333	42613.03515625	53563264.9968567
784	430.888977050781	6.84532333333333	40617.5859375	53627516.8042908
785	430.889343261719	6.85471333333333	40603.625	53694073.8275452
786	430.889434814453	6.86461166666667	48181.953125	53769091.9151001
787	430.888641357422	6.87442833333333	43643.83203125	53835827.827301
789	430.888793945313	6.88797666666667	39761.76171875	53898364.4648132
790	430.889068603516	6.89733333333333	32929.5859375	53954187.5610657
791	430.888732910156	6.90732833333333	39189.06640625	54015787.6120911
792	430.888793945313	6.91752166666667	38901.41796875	54079201.7769165
793	430.888885498047	6.927095	40663.17578125	54142436.4901123
795	430.889068603516	6.940545	39616.703125	54206657.5212097
796	430.888885498047	6.94996166666667	36740.51171875	54266427.8108826
797	430.888885498047	6.95993166666667	35859.375	54323306.9196472
798	430.889343261719	6.96991333333333	34578.171875	54376423.4724426
799	430.888885498047	6.97997833333333	46881.09765625	54448664.6185913
801	430.888641357422	6.99345833333333	32250.3125	54504212.1679077
802	430.888732910156	7.00296	54559.46875	54586228.5998535
804	430.888793945313	7.01695	41130.6640625	54652070.9994507
806	430.888977050781	7.02978	48751.42578125	54727258.6240234
808	430.889068603516	7.04261833333333	45901.5546875	54799672.3859253
810	430.888885498047	7.05569	49723.546875	54879825.3265076
811	430.889068603516	7.06504833333333	48152.203125	54954001.863678
812	430.888885498047	7.07494166666667	51716.23828125	55034862.3656311
813	430.88916015625	7.08515166666667	43968.6484375	55108053.8968506
814	430.888977050781	7.094635	48102.95703125	55180924.3011475
815	430.88916015625	7.10451833333333	40479.8671875	55246682.5345764
817	430.888977050781	7.11831666666667	39811.0703125	55311531.9122009
818	430.889343261719	7.12765833333333	48201.80859375	55388264.7362671
820	430.889068603516	7.14119666666667	43565.66015625	55460001.282196
822	430.889068603516	7.15449166666667	47584.05859375	55540116.3282776
824	430.889068603516	7.16749833333333	45930.58984375	55613496.3421631
825	430.889068603516	7.17685666666667	37513.81640625	55674434.208252
827	430.888885498047	7.190395	49666.38671875	55752182.4359436
828	432.886383056641	7.19978166666667	41953.5390625	55861144.2642822
829	430.888732910156	7.20967	49050.92578125	55936283.194458
830	430.888977050781	7.21956833333333	48243.94921875	56014042.6495056
832	430.88916015625	7.23297	52207.07421875	56096775.2243958
833	430.888977050781	7.24225833333333	50013.21875	56175079.3371582
834	430.889343261719	7.252235	50349.421875	56258159.4291077
835	430.888977050781	7.26206	52657.6875	56338821.6467285
836	430.889251708984	7.27187	49803.83203125	56417458.0571289
837	430.88916015625	7.281745	50236.94140625	56497953.527771
838	430.889434814453	7.29167	48501.984375	56574434.8305664
839	430.889343261719	7.30159	41888.12890625	56639616.5455933
840	430.889343261719	7.31151166666667	40317.140625	56701591.4353638
841	430.889434814453	7.32156166666667	34447.63671875	56755395.6795349
843	430.888885498047	7.335475	34977.08984375	56812776.9930115
844	430.889434814453	7.34490333333333	32117.31640625	56864142.776947
845	430.889343261719	7.3549	43642.98828125	56928229.1946106
846	430.889343261719	7.36483166666667	74497.4765625	57049086.084259
847	430.889373779297	7.37537666666667	87213.0625	57183499.4155884
848	430.889312744141	7.385825	69291.328125	57297867.2114563
849	430.889770507813	7.39632333333333	35837.6875	57357736.236084
850	430.888977050781	7.4068	47338.13671875	57432455.5295105
851	430.889343261719	7.41712666666667	56162.484375	57516918.9570007
852	430.889251708984	7.42658	52224.546875	57596768.4299622
853	430.888885498047	7.43633	62372.05078125	57697134.3552551
854	430.889251708984	7.44607166666667	53936.93359375	57782736.1139221
855	430.888458251953	7.45585166666667	110411.671875	57960538.6847839
857	430.889282226563	7.46911166666667	102554.703125	58123266.8523865
858	430.889282226563	7.479075	100446.6328125	58280293.4403992
859	430.889221191406	7.48962	101520.859375	58441884.3822327
860	430.889129638672	7.50016166666667	100136.3125	58605301.0521545
861	430.88916015625	7.51055333333333	101158.453125	58763376.1419373
862	430.889251708984	7.52105166666667	95460.4609375	58914823.6133423
863	430.88916015625	7.53159166666667	50491.265625	58995303.4245911
864	430.889251708984	7.54135833333333	53607.12890625	59082690.1406555
865	430.888977050781	7.55117833333333	53127.05078125	59169296.8121643
866	430.889434814453	7.561165	57607.81640625	59256313.6886902
867	430.889434814453	7.57099833333333	53737.796875	59341138.3299866
868	430.889526367188	7.58077333333333	54245.60546875	59429872.1400757
869	430.889434814453	7.59059666666667	52427.6015625	59515577.9169922
870	430.889434814453	7.60040833333333	51064.390625	59594695.5098572
871	430.889617919922	7.61036666666667	60626.3125	59688457.8709412
872	430.88916015625	7.62025333333333	50480.01171875	59773332.1109314
873	430.889068603516	7.630275	47282.3515625	59847044.9378662
875	430.88916015625	7.64385333333333	40847.11328125	59913754.903595
876	430.889617919922	7.65334	52225.7265625	59996066.1890564
877	430.889068603516	7.66322	53579.1015625	60082226.2579041
878	430.889617919922	7.67323	61036.64453125	60176695.5306702
879	430.889617919922	7.68304333333333	57074.67578125	60265196.9975281
881	430.889251708984	7.696305	55594.375	60353200.4662781
882	430.888977050781	7.70562833333333	52708.76953125	60439085.4640808
883	430.889526367188	7.71563833333333	42535.41796875	60509895.1936951
884	430.889526367188	7.72573666666667	53923.640625	60594567.0589294
885	430.889251708984	7.73565666666667	51383.91796875	60674788.4446411
886	430.888885498047	7.74558833333333	56025.35546875	60759589.8366089
888	430.889251708984	7.75934333333333	59021.90625	60848687.9933167
889	430.888885498047	7.76870166666667	56732.2109375	60937310.5608826
890	430.888977050781	7.77858833333333	51074.1484375	61019585.3451843
892	430.888732910156	7.79218166666667	52453.89453125	61099619.3522339
894	430.888732910156	7.80527	52980.203125	61184019.1027832
895	430.888885498047	7.81475	54716.90234375	61267604.2904358
896	430.888885498047	7.824685	49180.15625	61344333.205719
897	430.888793945313	7.83454666666667	51561.42578125	61425526.2064209
899	430.888549804688	7.84819	50835.953125	61503865.0765381
900	430.888549804688	7.85749833333333	54327.96484375	61589842.1878052
901	430.888793945313	7.86759333333333	52991.52734375	61672784.4355164
902	430.888793945313	7.87760333333333	57562.7890625	61765336.2719421
904	430.88916015625	7.89115	65831.2421875	61874503.4191589
906	430.888977050781	7.90405666666667	62383.0703125	61970379.9152832
907	430.88916015625	7.91336166666667	65832.4453125	62076837.3788452
911	430.888793945313	7.93376333333333	53386.578125	62160167.8777466
912	430.889343261719	7.94326166666667	60589.8203125	62254248.2470398
914	430.889068603516	7.956715	56607.28515625	62341033.8710327
915	430.888885498047	7.96621	49813.859375	62419126.5325012
916	430.889068603516	7.97630666666667	47425.90234375	62492918.2744446
918	430.888977050781	7.98990333333333	40534.2734375	62555999.2981873
920	430.888641357422	8.00307666666667	36370.91796875	62612415.9440308
921	430.888885498047	8.01281	39371.40625	62674767.3428955
922	430.888732910156	8.02283666666667	42407.859375	62745324.6872559
923	430.88916015625	8.03305333333333	78503.03125	62870231.0835266
924	430.888732910156	8.04356	47832.75	62946344.1413879
925	430.888732910156	8.05343	49007.82421875	63027656.8960876
927	430.888641357422	8.06690333333333	49488.828125	63102106.4847412
928	430.888793945313	8.07636833333333	46660.28125	63174150.4888
929	430.88818359375	8.08651666666667	99927.078125	63337548.7865295
930	430.888732910156	8.09647333333333	113044.375	63518727.0197449
932	430.888732910156	8.11047333333333	53723.375	63605546.0040588
933	430.888793945313	8.12004333333333	61213.90625	63701871.1956177
934	430.888732910156	8.12994833333333	52640.09375	63788329.4649353
935	430.888977050781	8.13993166666667	49829.26171875	63868728.3553162
938	430.889068603516	8.15742333333333	44687.828125	63937726.6421204
939	430.88916015625	8.16690666666667	44376.421875	64012010.2886658
940	430.889343261719	8.17696333333333	46156.46875	64088423.3621521
941	430.889434814453	8.187165	51837.6875	64173827.6392517
942	430.889068603516	8.197015	53487.921875	64261148.3860474
944	430.88916015625	8.21052666666667	53047.60546875	64341896.2424316
945	430.888977050781	8.22005166666667	57561.81640625	64428228.65448
946	430.889526367188	8.22993666666667	59154.5390625	64518880.1870422
948	430.888793945313	8.24341	54788.87890625	64603635.8592529
949	430.889343261719	8.25273166666667	46636.1875	64681497.1885376
951	430.888977050781	8.26630166666667	48534.24609375	64759590.499054
953	430.889068603516	8.279325	52093.98046875	64841143.5101624
954	430.889068603516	8.28869166666667	46647.0390625	64914233.5934143
955	430.889068603516	8.29865	41735.09765625	64983965.4212952
956	430.889343261719	8.30865666666667	41291.8828125	65050205.9026184
957	430.889068603516	8.31874333333333	39303.49609375	65113132.10495
958	430.88916015625	8.32876	38096.125	65173953.8857422
959	430.889343261719	8.33878	41015.75	65237669.2376404
960	430.889251708984	8.34881	44024.51953125	65308490.2367554
961	430.889312744141	8.35893333333333	69923.6484375	65422515.4024658
962	430.889129638672	8.36934	73283.265625	65539069.9163818
963	430.888946533203	8.37988166666667	73359.0703125	65661727.2950745
964	430.889068603516	8.39032333333333	126292.4296875	65863737.0306091
965	430.889251708984	8.40084166666667	41423	65931512.6114197
967	430.888641357422	8.41419166666667	45945.47265625	66005454.9186096
969	430.889221191406	8.427075	114356.2421875	66185738.5585632
970	430.88916015625	8.43705	87967.984375	66330264.4623108
971	430.889129638672	8.44758	91689.671875	66483665.3341675
972	430.888854980469	8.458025	82412.9609375	66621296.6639099
973	430.888854980469	8.46852166666667	81553.0234375	66757925.6318665
974	430.889099121094	8.47901	78207.8984375	66881825.4635925
975	430.88916015625	8.48953333333333	70949.0859375	66995888.0910339
976	430.889068603516	8.49999	40603.79296875	67060882.8844299
978	430.889251708984	8.51323833333333	62521.203125	67158103.1651611
979	430.889251708984	8.522785	38000.19921875	67220331.8877869
980	430.888732910156	8.53291	36931.26953125	67276968.4864197
981	430.888732910156	8.542855	34761.22265625	67331707.8042603
982	430.888885498047	8.55290166666667	46133.734375	67404824.3399048
983	430.889129638672	8.56310166666667	67285.4375	67517015.6943359
984	430.889190673828	8.57354	69067.7578125	67626610.4505615
985	430.889068603516	8.58438333333333	71904.984375	67742475.2635498
987	430.889190673828	8.59805333333333	69592.03125	67859502.4099121
988	430.889129638672	8.60801333333333	73596.8515625	67980079.4467163
989	430.889129638672	8.61851166666667	78676.546875	68109280.9453125
990	430.88916015625	8.62900333333333	42957.953125	68176948.5205383
991	430.889526367188	8.63893333333333	39464.5390625	68240913.8188782
993	430.889373779297	8.6524	106402.953125	68408291.6300964
994	430.889099121094	8.66237666666667	80839.671875	68544493.0793762
995	430.888885498047	8.67291333333333	43663.81640625	68615382.4179077
996	430.88916015625	8.68306833333333	41088.61328125	68680954.9521484
997	430.88916015625	8.69264333333333	77314.3203125	68802813.069458
998	430.889434814453	8.70267333333333	47184.6796875	68875377.5568848
999	430.888977050781	8.71261	57931.4375	68970021.7915039
1000	430.889251708984	8.72258	36948.71875	69030047.4089355
1001	430.889068603516	8.73258666666667	45168.828125	69098443.0951538
1002	430.889068603516	8.742525	53521.89453125	69187708.5394592
1004	430.889282226563	8.756085	77345.265625	69313215.625
1005	430.889465332031	8.76605	72268.5	69434389.5470581
1006	430.889099121094	8.77652333333333	68267.6171875	69548517.8951111
1008	430.889068603516	8.7906	71244.0859375	69665907.0561523
1009	430.888885498047	8.80057666666667	29447.5859375	69718653.7463684
1010	430.888977050781	8.81045166666667	45663.8671875	69790418.0496216
1011	430.888000488281	8.82039666666667	74411.3828125	69914296.0958252
1012	430.88916015625	8.83037	33502.9296875	69964211.1641846
1013	430.889068603516	8.84029	66883.6640625	70071643.7958679
1014	430.889007568359	8.851105	62998.27734375	70179782.4983826
1015	430.888916015625	8.861315	74846.03125	70296855.5597534
1016	430.888854980469	8.87187	68568.03125	70406770.9499207
1017	430.888580322266	8.88225666666667	73341.34375	70524463.1608276
1018	430.888824462891	8.89276166666667	93729.4375	70677802.2599487
1019	430.888946533203	8.90329833333333	78641.96875	70804924.9508972
1020	430.888732910156	8.91373666666667	36107.03515625	70865077.6347656
1022	430.888977050781	8.927065	56424.58984375	70951168.1511841
1024	430.889099121094	8.940015	71918.40625	71071047.007019
1025	430.888549804688	8.95031666666667	40357.59375	71137073.3074341
1026	430.889068603516	8.95968666666667	32103.44140625	71187977.0048218
1028	430.889007568359	8.97315833333333	69218.9609375	71302619.2067566
1029	430.889038085938	8.98311833333333	65406.30859375	71409447.780365
1030	430.888946533203	8.99361333333333	130844.4609375	71622754.2151794
1031	430.88916015625	9.00409	70079.0546875	71736641.8656311
1032	430.888977050781	9.01464666666667	74151.09375	71854870.2246094
1035	430.889282226563	9.03208166666667	80635.1796875	71988174.1637268
1036	430.888732910156	9.04215	79179.015625	72112532.8983154
1038	430.889068603516	9.05531833333333	59972.90625	72214216.2669067
1039	430.889068603516	9.06446166666667	50151.36328125	72290859.8709717
1040	430.889190673828	9.07421333333333	87340.0859375	72427638.4033203
1041	430.888977050781	9.08511166666667	87513.2265625	72568577.1359863
1042	430.889068603516	9.09523166666667	87232.9765625	72714703.9640503
1043	430.889038085938	9.10570166666667	81324.9921875	72848447.7368774
1044	430.889038085938	9.11620333333333	85618.4296875	72988953.1477356
1045	430.889068603516	9.12673833333333	97588.2890625	73146785.2184143
1046	430.889129638672	9.137185	88713.53125	73289695.0909119
1047	430.88916015625	9.147675	80850.640625	73421618.198761
1048	430.889282226563	9.158175	92702.8671875	73568473.3400879
1049	430.888977050781	9.168725	87449.4609375	73713375.3727417
1050	430.888916015625	9.17916	79771.7265625	73846664.4719849
1051	430.888916015625	9.18965333333333	77996.6875	73975430.865387
1052	430.888793945313	9.20014	91982.125	74123365.3286438
1053	430.888824462891	9.21076666666667	114531.03125	74307202.0433655
1054	430.888916015625	9.22112833333333	101932.0078125	74464370.2263794
1055	430.88916015625	9.23161666666667	101189.609375	74628077.7963867
1056	430.888854980469	9.24210166666667	85504.765625	74769639.5907898
1057	430.888885498047	9.252635	43045.2734375	74842923.3813782
1059	430.888641357422	9.26565166666667	44142.6484375	74913859.9395447
1060	430.888793945313	9.275065	54781.4453125	74999058.6694031
1061	430.88916015625	9.285025	44905.60546875	75067446.9533997
1064	430.889343261719	9.30218833333333	45731.734375	75139275.0872498
1065	430.889068603516	9.31157	52511.08203125	75218217.9781799
1066	430.889526367188	9.32155333333333	55436.1640625	75300478.6964722
1067	430.888793945313	9.33135	44577.97265625	75376237.1534424
1068	430.888793945313	9.34126666666667	50040.98828125	75454850.6978455
1069	430.888977050781	9.35115	48015.1875	75528793.080719
1071	430.888977050781	9.36472	46044.29296875	75603055.9375916
1072	430.888885498047	9.37417166666667	46078.40625	75676921.5075073
1073	430.888977050781	9.384455	41958.5546875	75743259.7313538
1074	430.888977050781	9.39422666666667	48961.9140625	75823484.252594
1075	430.889434814453	9.40412	49126.35546875	75901130.6933594
1078	430.888885498047	9.42096833333333	49102.91015625	75978771.9473267
1080	430.889190673828	9.43378333333333	93370.484375	76124510.4666443
1081	430.889190673828	9.44374166666667	81925.1953125	76254561.2141418
1082	430.889282226563	9.45424	85085.046875	76391823.633667
1083	430.889190673828	9.46479833333333	81606.015625	76525763.5326843
1084	430.889312744141	9.47522166666667	95045.9609375	76677865.2349548
1086	430.889038085938	9.48922166666667	102143.5	76843150.3031006
1087	430.88916015625	9.49923833333333	145880.4375	77074833.1911316
1088	430.889129638672	9.50969	106926.2109375	77250648.0868225
1089	430.889129638672	9.52017666666667	115149.3359375	77434069.0090027
1090	430.890014648438	9.53067166666667	60256.71875	77537132.3403015
1091	430.888885498047	9.54120333333333	59716.03125	77630747.139801
1092	430.888732910156	9.550875	53113.12890625	77712744.7527161
1093	430.889251708984	9.56051833333333	53054.59765625	77799538.9450378
1094	430.888793945313	9.57030333333333	54603.796875	77881456.4738464
1095	430.888885498047	9.58018166666667	62043.1171875	77981910.0072937
1096	430.888977050781	9.58984166666667	61137.33984375	78077420.3464661
1097	430.889068603516	9.599515	68790.0703125	78186767.1891785
1098	430.888977050781	9.60922666666667	53539.34765625	78275001.5674744
1099	430.888793945313	9.61903166666667	60993.15234375	78369834.4757385
1100	430.888549804688	9.62869333333333	60042.21875	78467604.9936829
1101	430.888732910156	9.638395	66508.6171875	78573726.421875
1103	430.889038085938	9.651995	110323.328125	78746624.4188232
1104	430.889068603516	9.66196833333333	109136.8828125	78926629.8815613
1105	430.888977050781	9.672455	117299.9140625	79115096.3585815
1106	430.888885498047	9.682945	50319.96484375	79197366.6798706
1107	430.888641357422	9.69276	57251.00390625	79288298.2672119
1109	430.888885498047	9.70597833333333	66110.8984375	79392635.5509644
1110	430.888732910156	9.71514166666667	62682.66015625	79490801.2768555
1113	430.88818359375	9.73206666666667	108178.625	79668069.353302
1114	430.889129638672	9.74142666666667	110063.828125	79848347.4274292
1115	430.889038085938	9.75224833333333	110230.7578125	80028200.2059326
1116	430.888916015625	9.76246166666667	109015.828125	80200271.2277527
1117	430.888885498047	9.77289833333333	107232.6796875	80375757.2868958
1118	430.888885498047	9.783405	103241.6796875	80543653.4757996
1119	430.889068603516	9.793905	104749.7890625	80713732.504303
1120	430.889099121094	9.804435	94791.8203125	80864490.008728
1121	430.889465332031	9.81487833333333	80405.046875	80990068.6604919
1122	430.888793945313	9.825345	52621.6953125	81067653.5507507
1123	430.888885498047	9.835105	45282.04296875	81138133.2182922
1125	430.889312744141	9.84863833333333	78602.296875	81265893.2466125
1126	430.889282226563	9.85860166666667	78959.1484375	81395726.9826355
1127	430.889007568359	9.86909166666667	78913.609375	81531088.492981
1128	430.889038085938	9.87963	83653.1875	81672670.8291626
1129	430.889038085938	9.89007	85244.7109375	81815867.6239624
1130	430.889221191406	9.90066833333333	66366.1328125	81917267.2615662
1131	430.888885498047	9.91105166666667	80409.640625	82045503.1350403
1132	430.888946533203	9.9216	87654.6484375	82188737.6065369
1133	430.889068603516	9.93205666666667	83091.0078125	82325208.0050049
1134	430.889007568359	9.94255833333333	88643.6171875	82466565.782135
1135	430.889068603516	9.95304166666667	99018.5703125	82623948.8318787
1136	430.889099121094	9.96357833333333	102263.1015625	82787884.1410217
1137	430.889221191406	9.97401333333333	93569.6875	82941786.0989075
1138	430.889129638672	9.984505	90377.984375	83088374.7787781
1139	430.889251708984	9.99500666666667	88778.578125	83230632.4543762
1140	430.889038085938	10.00555	90273.796875	83375087.7128906
1141	430.889221191406	10.0163233333333	100286.8125	83535570.0557251
1142	430.889129638672	10.0264733333333	102306.7109375	83698666.2094727
1143	430.889221191406	10.03697	103171.8203125	83867706.9220581
1144	430.889221191406	10.0475033333333	98726.7265625	84024907.1715088
1145	430.889221191406	10.0579466666667	84343.5234375	84164536.8544922
1146	430.889221191406	10.068525	96245.9453125	84317173.8198853
1148	430.889251708984	10.0824816666667	95897.90625	84471383.5142212
1149	430.889312744141	10.0924783333333	109883.5625	84647650.7108765
1150	430.889221191406	10.1029616666667	91672.4375	84796111.5864868
1152	430.889282226563	10.11705	83225.09375	84936848.9308472
1153	430.889190673828	10.1270116666667	82340.1953125	85068371.2399292
1154	430.889221191406	10.137535	78155.6015625	85201078.1618042
1155	430.889129638672	10.148	69932.0078125	85326025.0675659
1156	430.889312744141	10.158535	60680.1640625	85427288.7599182
1157	430.889190673828	10.1689733333333	81626.0390625	85560847.9289856
1159	430.889343261719	10.1830216666667	62242.96875	85668064.0945435
1160	430.889282226563	10.1930283333333	55143.55078125	85754697.1976929
1161	430.889251708984	10.2034783333333	73859.578125	85877924.6852417
1163	430.889282226563	10.2177866666667	65607.796875	85992043.0650024
1165	430.889312744141	10.2315333333333	65378.83203125	86102187.9537354
1166	430.889221191406	10.2415883333333	68583.578125	86221187.0258484
1167	430.888641357422	10.2523233333333	44534.140625	86294713.2646179
1168	430.889404296875	10.262375	91028.671875	86450347.722168
1169	430.889434814453	10.2728216666667	85643.9453125	86592919.543335
1170	430.889190673828	10.2833233333333	109098.0546875	86766182.241272
1171	430.889129638672	10.293805	76894.6171875	86896723.8636169
1172	430.890075683594	10.304355	44126.25390625	86967208.6403198
1173	430.888458251953	10.3147783333333	98041.3359375	87129175.7989502
1174	430.88916015625	10.3244483333333	96598.3828125	87282462.7200928
1176	430.889343261719	10.3385483333333	91322.9765625	87425871.1485596
1177	430.889129638672	10.34853	98096.5546875	87578184.9623718
1178	430.88916015625	10.3590166666667	102237.5859375	87738671.6864014
1179	430.889373779297	10.3695033333333	110855.1171875	87916639.6895752
1180	430.889373779297	10.3800333333333	105227.40625	88086139.5667419
1181	430.889312744141	10.3904866666667	100562.3203125	88250009.0501404
1182	430.889221191406	10.400985	101230.0390625	88410083.5325928
1184	430.88916015625	10.4151383333333	106872.734375	88580302.7818298
1185	430.889251708984	10.4251166666667	113221.8046875	88762375.1910095
1186	430.889221191406	10.4355983333333	114029.1328125	88945393.1550903
1188	430.889251708984	10.4496266666667	94193.6171875	89092778.6158752
1189	430.889678955078	10.4595933333333	60623.99609375	89191484.5429993
1191	430.888885498047	10.473665	56017.66796875	89284018.381073
1192	430.888977050781	10.4826566666667	58670.62890625	89373970.1867676
1194	430.88916015625	10.4958283333333	48594.80859375	89453558.4011841
1195	430.889068603516	10.50497	48108.81640625	89530173.0773621
1197	430.889190673828	10.5182033333333	92350.84375	89681827.2979431
1198	430.889007568359	10.52817	86591.390625	89819181.2670593
1199	430.889312744141	10.5386483333333	103280.5703125	89978642.4689331
1200	430.888977050781	10.5491433333333	89946.5078125	90122869.2801209
1201	430.889099121094	10.5596866666667	88190.6484375	90267555.23172
1202	430.889221191406	10.5701416666667	88097.9609375	90412007.2055969
1203	430.888793945313	10.5807283333333	95016.984375	90562003.2084045
1204	430.889129638672	10.5911166666667	82546.46875	90697062.7691345
1205	430.889221191406	10.6016766666667	99771.390625	90857094.2878113
1206	430.888946533203	10.6120816666667	77024.6015625	90983108.6554871
1207	430.889923095703	10.622575	41848.95703125	91049548.8836975
1209	430.888793945313	10.6366833333333	50349.26171875	91126621.1982117
1211	430.888732910156	10.649395	54530.88671875	91209310.0614929
1212	430.888732910156	10.6585966666667	48043.10546875	91282011.2688904
1213	430.888977050781	10.6683233333333	44774.5	91349503.1075134
1214	430.888793945313	10.678115	48464.984375	91429901.1730957
1215	430.888092041016	10.687795	106011.6875	91599197.8100586
1216	430.889038085938	10.6975433333333	83950.3515625	91733805.2912903
1217	430.888946533203	10.7080383333333	102107.2578125	91891477.367157
1218	430.888824462891	10.7185783333333	100481.8828125	92053866.3244324
1219	430.888916015625	10.7290333333333	95414.296875	92209566.9914856
1220	430.889007568359	10.739515	85685.03125	92348286.2519836
