MZ	RT	angle	magnitude
427874.824645996	5316.16550000028	0.0124239419255164	700.91375747175
15193.3013772784	-5141.53266209097	-0.326310657981565	26.2730440872717
-4089.75954981776	806.138563788413	-0.194616601684286	6.82793129883862
3898.33315936875	-5921.23050407992	-0.988562808917791	11.6122616313356
-9079.28925846419	-3583.46598900909	0.375916739119718	15.9883326925599
-7042.45807195935	1162.44782695475	-0.163587750845675	11.691649127117
4536.3774475052	491.417664220873	0.107907428277011	7.47406554125495
-4815.31381088872	-2927.8998505958	0.546309761975961	9.2311012890346
-7890.90673717754	3957.14524304651	-0.464832258014535	14.4595198913787
-4683.67334388745	-7156.85704144578	0.991312057686395	14.0101717411967
948.25029396893	-811.216961280334	-0.707671645432174	2.04406038559507
1957.50151788532	11315.2568679983	1.3994951410565	18.8097120867928
-915.661130313624	-6717.56931853049	1.43532284052767	11.1051404692277
2800.43757565694	-1522.6436954172	-0.498006114101555	5.2213198888567
-1285.1315940761	-625.087494618117	0.452708211771744	2.34085139517315
-1458.09121494518	7618.38284895218	-1.38169202394851	12.7054231441874
413.451166095826	396.479996610798	0.764447387438304	0.938302262395618
5401.49998867402	-199.78867855332	-0.0369707756007162	8.85371593873329
-7091.98343932159	4145.12865411251	-0.528930214334221	13.4553954040539
-605.413499358185	911.521048692925	-0.984517657338427	1.79239307090484
7886.81206797493	3904.45294910553	0.45968859601399	14.4150246899452
869.267433855128	-7358.40933179413	-1.45320877601336	12.1368973227033
-1400.83757230955	2413.70348175244	-1.04493680457546	4.57126036083671
-366.21758764532	-990.450757906313	1.21663772522189	1.72970803331418
-4786.96139431764	-2535.49759700687	0.487098915447327	8.87303347273801
-5667.5907895098	-120.226898785208	0.021209871061555	9.28561152468478
3221.19620766071	2980.86718568757	0.74666769157744	7.18888188227229
-1145.73467203163	-3284.61967546361	1.2351748459973	5.69813528837935
6305.52592676647	-1419.13217770301	-0.221373137309168	10.5868131729869
2938.9224949198	6340.82970562961	1.13677944560735	11.4476730367654
1110.70232156577	4085.42164771358	1.30534266182621	6.93482958721409
-6496.38990134874	6744.70411193444	-0.804149265603323	15.3390886459135
-267.760300135751	3254.62791530827	-1.48871055828936	5.34909704378945
11.1906401969399	-2050.92064165811	-1.56533998250022	3.35946137874979
-5940.56530554207	-4997.43142740159	0.699385438611683	12.7158560921858
-5466.64214212756	5547.66609457148	-0.79275427594041	12.7575802957494
-281.440660482936	1615.49490600816	-1.39831410836501	2.68603933540447
6131.47044924226	-2.79957370050352	-0.000456590882910025	10.0433596861133
-5272.94334505689	435.021120751219	-0.082314209414753	8.66643353167082
-831.536357334929	-1650.77479860234	1.10417324621914	3.02765014330599
-7653.19672383374	-1584.57845925701	0.204163129515664	12.8018299632474
281.692642945907	2848.07751354175	1.4722107201725	4.68791841228475
5096.9133187769	3871.01465044657	0.649542111351559	10.4836301875312
-4703.57113710848	2371.98127489888	-0.467076663310982	8.62868986860335
-1265.05726525776	-5339.25621501519	1.33815132083725	8.98784302586542
-2366.07746315923	1165.71585687736	-0.457773395716501	4.32048076421892
-1036.5378029235	-722.236122699611	0.608559874361349	2.06935796700133
5088.15490561536	538.027756580355	0.10534974781615	8.38087091007503
18.2030803542164	-2659.57132279491	-1.56395206735994	4.35648422004965
5396.76636029958	7692.28131952377	0.959009384793547	15.3916625328118
-4.0207813152177	-560.157676505882	1.56361850449257	0.917562828492607
3155.53219084295	5893.63560107287	1.07922087604496	10.9504206125974
54.9054869272238	-2962.71486044198	-1.55226629430278	4.85376506998618
-1658.40680881504	-898.542600516039	0.496534128385419	3.08957329207406
2575.39198154217	-1505.47382015696	-0.528989969544557	4.8863802507153
-1362.22886043007	1614.05835430719	-0.869809068506601	3.45957883270137
5991.57823936282	11.5457022740311	0.00192698609982009	9.81423319176112
6602.33525934892	3794.55924684884	0.521631241875124	12.4735207568106
-1769.67235094497	-875.160215482799	0.459263924673462	3.23381750311406
3150.38046428137	3434.69311238886	0.828546683904706	7.63421479131194
1505.19038763118	2216.44665658037	0.974234901197162	4.3885710514304
10429.6804902801	-807.636298605851	-0.0772821164227222	17.1349778104823
-8088.95661849149	-3692.25289866553	0.428209762184479	14.564768541079
-1874.91871944571	-298.111586192789	0.157679816353978	3.10969799705555
1366.13748894845	2688.36645941519	1.10063696609069	4.93950410031271
3499.87501490295	427.600182313242	0.121573326967464	5.77542909876669
5281.7441529767	2213.13199389941	0.396790713823484	9.38029844871403
-8175.71522274096	456.571475702542	-0.0557868909565881	13.41270086523
-1251.54485065908	-8921.13509113357	1.43141610233766	14.7559326263258
3300.66180205765	358.059399733739	0.108058532110638	5.43820857498955
-3359.34742503615	-753.944465922547	0.220773577322183	5.63949652790722
3092.61581309675	4001.52301647783	0.912824820141676	8.28389414209411
3668.72731884885	2836.47357229678	0.658152730113493	7.59600940377878
-332.148264079152	1994.13023999641	-1.40574854086677	3.31138869877359
-3831.05592229151	-229.70873857936	0.0598879410107337	6.28654606148862
3624.11966384181	-440.976961468638	-0.121083137391833	5.98009789781287
-6917.40682525696	7657.33708961557	-0.836122591508255	16.9028220455618
3052.07881838066	-969.145634238622	-0.307466443745103	5.245296707381
-4684.09392895045	-5615.89289537204	0.875618608563687	11.9785962197205
-5503.37433071727	1798.49583316777	-0.315857942642211	9.48369229948906
-647.747611317314	-2337.70593808988	1.30049101047911	3.97344424477441
-6365.94537820139	4151.89917674995	-0.577923501385152	12.4491925598398
649.647035725887	-2640.21633477072	-1.32953096410817	4.45367300762853
-254.717496527556	5797.88558497055	-1.52689173327597	9.50610666245103
-1667.43401006371	1952.81683567349	-0.864065056773891	4.20613489903205
-6530.32252520566	-2351.00825939836	0.345568072685969	11.3687641727741
-6405.85378048879	-5502.03520899642	0.70964259214127	13.8318889241755
-366.973451622222	-4689.22597010138	1.49269665214711	7.70444473735339
-4054.75436312333	3642.76330934027	-0.731926597583151	8.92834973578828
-180.841491407064	2632.49924626605	-1.50220833976192	4.32220058247657
-1846.75185708264	6471.92972968587	-1.29283539169439	11.0241729103361
-3224.2517619114	-8365.29209141491	1.20291125414453	14.6849300813047
-2713.95259014337	1670.89899067252	-0.551861898297993	5.22043279659289
-898.811946650762	2006.06650318433	-1.14956775827115	3.60068593471656
2177.00776343957	2728.28629644109	0.897312969790869	5.71728484930578
3851.88962196978	2567.43830040371	0.587914868684283	7.58251341615574
-2028.18728029542	4626.40849952863	-1.15763620156147	8.2742918287993
-81.1087795281487	-64.2697946830932	0.670083509525261	0.169509354522652
-9104.67589235089	5626.00569236204	-0.553495397976806	17.5309847181168
729.527199535224	1683.15718352677	1.16180892608575	3.0048415861181
-9227.87656794705	4279.13481629328	-0.434203284653645	16.6613594794966
3290.75249143351	-4940.3900665054	-0.983191928527145	9.7232342872028
778.904731807839	-3124.69432623062	-1.32650117134361	5.27487578058815
-3281.00850023293	551.846732526385	-0.166634596218462	5.44978471037138
-2719.99246092209	-6037.94627547201	1.14754076753844	10.8473749686791
1350.27623390403	5742.91388924292	1.33987026675156	9.66341920546185
498.79683175196	-5749.31865202718	-1.48425546461623	9.45276869176534
-190.119075445983	77.4581110389513	-0.386885603383887	0.336269496182125
6441.10028745749	2055.50120898517	0.308906917959193	11.0747395019832
-3724.52031530381	-3975.44427513534	0.817974312284682	8.92315712693066
-4470.10547896664	-2248.52548080892	0.466055872946113	8.19618273895755
1224.39877314399	1604.55244047066	0.918977661971752	3.30606229709564
-7576.39529684154	-9092.32517925008	0.876093254606913	19.3860897064407
2244.41696533569	4088.16551485159	1.06871854460153	7.63921973057802
-5400.85988979332	-2083.62844906304	0.368201628159501	9.4821473016902
6521.72259821267	8049.8070206661	0.889884072297199	16.9699071510423
-60.6358889989799	-1600.55601884293	1.53293016986209	2.62359407056679
-1994.18740361141	1134.47219234633	-0.517229920254978	3.75806646765812
3657.58449048836	4433.92680088641	0.881050650152347	9.41496656375571
-935.741916895139	-546.864324834491	0.528883275874282	1.77530477837319
-997.56165858262	4239.69151277471	-1.3397085236651	7.13426595351815
2634.58294025617	-3312.60584118266	-0.898915331428705	6.93290549400467
-5143.47740151744	3797.22153068127	-0.635944808284724	10.4722315478612
3984.86883819937	5033.84716551038	0.901189153325342	10.5162762901204
470.407694518143	232.598657957492	0.459207280053876	0.859577212605673
-3505.42812066005	-3673.07271584664	0.808747624717297	8.3167086591415
3592.73708888059	-1070.19340465227	-0.289507864567268	6.14044709429591
-3648.30048050813	1430.69736604126	-0.37372475201465	6.41900038205405
5027.77419762872	9908.70141542381	1.101238304287	18.2003194505157
-5294.16332807802	-789.701315013222	0.148072749206698	8.7677919921727
9650.08991206389	2010.81258157551	0.205432849005446	16.146376510677
1599.85935440345	-5965.18346911293	-1.30876339305087	10.1162964950119
3429.21618542911	471.505891110738	0.136639918578877	5.66990935657803
-4343.00158157665	100.167575446428	-0.0230600467687917	7.11573557288481
2809.62815549396	397.241041915599	0.140454674142249	4.64794641856917
-918.761605707498	-2779.29534933692	1.25153160589634	4.79478796480707
1956.44556129711	-1613.7760034741	-0.689711358183142	4.15418407591429
-2941.51746863919	-6741.25339972633	1.15935508414685	12.0476131123683
437.595840744904	3597.92370637265	1.44976622429944	5.93683409302431
6272.22446731789	4390.21535343169	0.610689392964004	12.5405891732121
2355.08182438624	-2773.24658181078	-0.866758333723523	5.95955939339743
-543.558604596132	2378.52287523034	-1.34612661928113	3.99646453442267
4528.56264867619	818.782931027515	0.178871744363081	7.53806238696211
2244.54862339409	5299.94696026532	1.17019350513807	9.42775407914968
-3142.98513633364	1642.90924640279	-0.481659978665766	5.80913680884973
-193.680668728421	-5433.85466005186	1.53516808073932	8.90631494894354
4545.5689776185	-2558.47912597659	-0.512656235993825	8.5440295768942
2562.3841722993	2561.08627249372	0.785144839055715	5.93421918258262
8110.02337788984	1065.90468304943	0.130681503205659	13.3984761308537
-4662.62297204044	-300.282004269897	0.064313131293334	7.65320612556724
-346.640597968741	2731.93069740649	-1.4445859192593	4.51078559612405
-571.892064700081	1699.07824679702	-1.24611800231145	2.93651595149158
2503.95572115693	1955.98450585906	0.663145726494502	5.20453456417852
-2143.20613699519	633.132041053645	-0.287243709252562	3.66055390594229
-6192.53017862526	-4866.51989251999	0.666065128447232	12.9008041799812
6407.42443608178	-808.573611165041	-0.125529698038405	10.5786096377552
4153.3551258396	-892.042801174075	-0.211562461510313	6.95834570231969
2641.51623473171	2097.50752050104	0.67110503131415	5.52498360830525
4913.01051723137	737.342728187018	0.148967810033436	8.1376453265159
1955.7539989441	-1592.0596390731	-0.683242757994181	4.13076201171611
-3249.04180689156	3726.78729780992	-0.853777226866941	8.09862469184584
2939.47753504617	-4816.1932503915	-1.02281428163291	9.24219771413237
-6970.89062285612	1591.07454535303	-0.224401418250015	11.7119790906282
4661.66229050365	-346.631412449478	-0.0742213075527258	7.65689093759374
-561.822555896539	896.78010139142	-1.01112723704695	1.73338897571014
6847.46499006663	-5775.30382845837	-0.700662881897796	14.6728664109776
-549.506920688425	-560.02368692867	0.794876451991957	1.28516275082749
2016.64380360651	465.945160082802	0.227065220745128	3.3902903183635
-5449.14726665343	2151.09502373798	-0.37597934616762	9.5960080075769
3349.85853088936	6203.61537718731	1.0756747665821	11.548364129937
3282.66072145432	-4643.25306871576	-0.955404925264922	9.31440676224461
499.697337450454	-2402.51509603728	-1.36573072085379	4.01954261806229
-1357.18375337781	-6509.24605187879	1.36524033291264	10.8914462209851
1310.55818893701	1425.87583760989	0.827514821614981	3.17226608729513
3246.87878570607	4217.34915431751	0.914689073930353	8.7181482323808
-5071.43997162562	3319.46653972252	-0.5795610254414	9.92828472185696
814.588500377355	2595.15520889052	1.26664729803951	4.45535993374855
-4246.07287155653	-6464.02270574002	0.989601297789921	12.6680895247783
-1948.52444417922	-3417.19426448544	1.05256796245464	6.44340047690554
2432.13841101939	-3597.89042209888	-0.976366763425148	7.11355140074105
-9059.64278181501	6159.45214032547	-0.597093253394002	17.9446034701937
2663.87498116647	27.4166605100206	0.01029165885118	4.36366267628197
1636.01597838546	6985.91571866023	1.34075423372389	11.7525409519606
-1526.68957088012	260.932883030288	-0.169278516682378	2.53698218848643
-391.103150402173	6055.35088594794	-1.50629789040518	9.93934157425009
-1856.66060069148	3884.9364084415	-1.12497414077504	7.05290856444817
2778.79068640809	-5022.35314109068	-1.06543484238348	9.4018595492857
-4604.58136305396	-5993.62001633452	0.915718969810131	12.380264139826
-3985.56271589925	5434.64633552514	-0.938028897095384	11.0392185522243
-1374.36186543758	-2444.25755675366	1.05857253466861	4.59320472273997
2398.70230005104	-1989.89465774316	-0.6925139659299	5.10506368068335
758.145137520891	-379.421325157426	-0.464015551446488	1.38867822791734
1160.00662055273	3177.900080583	1.22080117571378	5.5413535572748
-3441.33313654969	-3501.12806992665	0.794010880571361	8.0413488570546
3253.17241088424	-2713.38959008533	-0.695175787315016	6.93894572230254
2984.06157169271	-5756.77669856555	-1.09257173561422	10.6211620227978
90.3281752252191	572.359332093306	1.41427005372685	0.9491288573686
-1029.53440321025	-4988.22314862896	1.36726126473294	8.3429312476153
5736.03684952379	69.531401412833	0.0121212603587026	9.39632802423136
9371.6850139688	5987.75292184565	0.568546332381492	18.2165862065634
-5203.76640707497	-3071.38548023274	0.533199919656995	9.89773161283416
2425.59255057624	-5116.74747995926	-1.1281236445365	9.27528519362728
-4456.0004148003	-3452.17787581021	0.659138651908567	9.23308146427137
1608.63379381245	-2314.97498951398	-0.963513718353514	4.61754140096765
1444.98405667472	1823.75804138088	0.900761247513098	3.81132828546542
1983.02015975651	-247.375559603979	-0.124105751853033	3.27336651524135
-3730.94062431573	7431.79718445862	-1.10553082103386	13.62119530642
-3619.5836327371	-1757.50645970517	0.452024868449621	6.59083796650636
740.197011567279	-1386.08673981226	-1.08030512867275	2.57386722518318
1244.79750078217	3290.57214197945	1.20914254571791	5.76273695657395
3240.05287133439	814.57565768179	0.246303529240985	5.47236616142079
-1471.13164688616	-6692.66896016552	1.35442496529753	11.2243213519159
-2577.23018902372	-1657.81879234556	0.571619655168569	5.01947384124198
2914.3397349819	-148.374952797454	-0.0508681099679839	4.77987604527622
-7630.44545928555	-559.460244705789	0.073188513515283	12.5322319979907
4734.1443266466	-7062.95830049921	-0.980297855685348	13.9275901772679
4988.68400358605	-6685.44503487492	-0.929731184679374	13.6635400151739
2931.9317953569	3076.32026176345	0.809425231305251	6.96101947622286
2973.30445869647	-3304.58936704618	-0.838119334344815	7.2814378278709
-1330.89487369881	1479.15915677511	-0.838111360238501	3.25924994504344
11650.043204603	-2223.49682402628	-0.188589331610577	19.4272411471395
4513.7976745719	184.665242425326	0.0408884784631087	7.3997928600211
-10465.7116003728	6146.08118944316	-0.530998287033967	19.8803357469043
4856.4101342144	-4644.58832996291	-0.763107167356567	11.0071906485711
3478.12760419253	-5159.58260015431	-0.977658150085113	10.1923543669832
-7915.7672852805	25.1779525948594	-0.00318072358356857	12.9661053683343
-1798.92388039737	-499.844607300833	0.271020919728336	3.05827309408048
2079.73244335908	129.160316414928	0.0620246346458057	3.41316836806869
5154.24088888295	-5169.65257460931	-0.786890979487865	11.9575810162505
-998.731968088512	-4701.25716196418	1.36146897384184	7.87251678263054
-914.115095704485	6925.35522031326	-1.43955957853228	11.4421362913233
910.738467442796	-1710.96488736733	-1.0816475520857	3.17487033972186
2773.31595951726	-3430.86261547129	-0.890988468168432	7.22618670229424
-2146.13737352297	-1639.01473643257	0.652214439263623	4.42329443225738
-1444.58075796291	-468.352723020482	0.313520459703426	2.48748108730773
21.2415264614979	-6911.56587695326	-1.56772300593504	11.3212096936808
6975.96217214252	-410.807561168508	-0.0588210851228774	11.4464336284922
1900.82966436795	3233.63062540971	1.03937236705151	6.14403921562499
-1511.06985595171	-1505.90764993592	0.783687112861632	3.49439537422757
5449.78460099163	-374.583997274352	-0.0686257908539804	8.94781770546386
-8481.941575272	-3474.10810757974	0.388745139051333	15.0136731861684
10788.9703690087	-6687.75272308494	-0.554901393885143	20.792165797274
-927.055361663382	6404.91169298094	-1.4270532693584	10.6005823763755
1037.09719512477	-3063.3704248062	-1.24436015266079	5.2975639474554
-7638.54303413219	9616.78581772781	-0.899545130406364	20.1167614721848
886.749593852103	-4861.27912057265	-1.39036927620133	8.09417469906045
5817.37552584295	-13929.9271751614	-1.17519565991159	24.7270292997809
-4210.84030872015	-2601.32363108289	0.553382077053712	8.10737357822
208.9168180306	-3151.61778185555	-1.50460441223447	5.17368486413787
-3093.4471433778	1509.45086985818	-0.453962093198868	5.63811898027402
85.1001964299048	-3767.91395320519	-1.54821467235283	6.17342317060166
-2862.60743637361	-2716.03987660623	0.759131249240346	6.46365366153745
2979.49790836963	3763.52143641485	0.901150286081895	7.86266403287514
-6795.64985240871	-2287.37538026552	0.324682332877776	11.7449335566795
3585.37930190794	-3708.03192704843	-0.802213486276529	8.44873012129313
3040.07981034632	205.698342629911	0.067559178638279	4.99104153962576
1960.84967165712	-284.844257792691	-0.14425666936615	3.24558675993528
-3693.93580791008	-4284.72486165206	0.859309422949951	9.26651981241802
607.379677922555	-4793.6056920043	-1.44476171186689	7.91471231900078
-3258.59163026591	-2641.87931246809	0.681257117435105	6.87140139228121
-7107.44415951107	3272.4084501486	-0.431485219595447	12.8167133092019
3726.36545660679	-2004.57368883344	-0.493539602872825	6.93091804247155
-1113.39028432334	-1780.10337626962	1.01186353675015	3.43918170561198
3150.6258114687	-364.689316703667	-0.115238545856147	5.19518792803174
-916.016731595042	-585.354067361833	0.568618467244248	1.78062609600445
-4074.68258909873	-2477.75063984928	0.546342666769529	7.81144526982547
-807.195835796198	-98.817432884042	0.121814518487493	1.33205894900907
-4343.13499772292	-469.088708575084	0.10758986751993	7.15543646851472
3527.24148264497	-173.879232094548	-0.0492562218081953	5.78464318701289
-5997.07656786228	-810.00505191495	0.134254186073285	9.91241878678494
6496.06784408924	-1326.59190769604	-0.201444757504423	10.8601785872972
2915.22032258727	-912.457876635543	-0.303338418657227	5.00357593865166
1912.69227946765	-858.634844057312	-0.421950659181964	3.43420063627206
-4982.63499198319	4844.31321730272	-0.771323331849993	11.383112278369
-3179.80807404925	3608.62419131298	-0.8484829960849	7.87831927071013
-1425.07475151254	-629.941662691415	0.416215654588633	2.55216453636587
-4788.26813454878	4217.10354782198	-0.722058128954423	10.4513585085023
-1987.86938731303	-2500.58407918747	0.89913487785382	5.23252321246627
-5873.30466012201	-3372.08505269989	0.521185923214345	11.0933550866732
4413.49227288997	2442.1162962776	0.505395997417761	8.26222802633569
1195.24086413617	-173.073449680818	-0.143802642687132	1.97822532840043
1394.78608364862	-2373.99934865973	-1.03959945986613	4.51010035163795
3057.16042357738	1304.82139269254	0.403401282263448	5.44467130114748
694.292440711304	2026.07467595025	1.24065874010906	3.5081622931218
-5838.42781117804	1046.34465619277	-0.177334265002195	9.71572168735097
-5772.26916181599	-1086.51520486364	0.186053228248566	9.62102632413792
3449.80070581854	-6862.9569352859	-1.10501521583187	12.5818682273745
-4333.76133725145	1698.02942435415	-0.373429834386214	7.62415270317034
370.380064422871	935.158355384557	1.19368995729075	1.6475581517406
-3336.11803413885	3805.086159168	-0.850974736626639	8.28905937833505
-920.993938392403	-4716.98771493284	1.37797179246023	7.87233248466445
821.931640789393	-9010.43733769522	-1.47982813746937	14.820389772659
-5206.23900738289	1451.766793378	-0.271943246085575	8.85317556479883
-186.895726006738	-3186.84769817652	1.51221746822216	5.22903084883283
179.253415975344	1065.43209020225	1.40411255592387	1.76970695017743
2766.99903117162	3787.8079832638	0.93989155584443	7.68356747109556
3670.72429626165	1616.10044805889	0.414730927664424	6.56959096459085
446.306340349795	-451.697536849038	-0.791401624926899	1.04012460964164
1235.4815442101	835.007343273356	0.594337346134351	2.44257402056626
3832.70365529	-6777.58949631233	-1.05613345046148	12.7538531893275
-1714.56370025938	718.31341005772	-0.396733589140991	3.04496655270247
-639.797048350268	-514.19532759687	0.67698389283747	1.34449614863887
7650.61459173771	1365.91463699552	0.176675093430509	12.7298787621216
-3100.29074299136	735.284725912488	-0.232863968430992	5.21914884451057
5820.01954014324	4326.31481278477	0.639231869919326	11.8785759335534
369.753855113446	1241.63125418878	1.28136201017393	2.12206009805676
-664.009953577253	3728.47006965429	-1.39455231421369	6.2033347975196
449.010318437576	-6646.69966997797	-1.50334493266003	10.912118918873
-325.541047067085	5372.35782903054	-1.51027476624878	8.81607201174159
1633.10488050667	-1810.94489551496	-0.836989231073482	3.99435791637098
-526.781559113554	-2073.22541827892	1.32197391437141	3.50385452469132
-62.5618257940308	-654.81633387203	1.47554441911509	1.07747445590093
-5403.04728600949	-3290.34898148779	0.546996458672542	10.3621330566999
-3581.41568122464	-9101.750659829	1.19591764792053	16.021331061375
3995.81307640228	777.859584086926	0.192264056931722	6.66801228284773
-1471.4770184535	-15894.0986714629	1.47847939257249	26.1458936508505
-1953.52093546068	6848.47039395159	-1.29292667385413	11.6652619519557
1584.14380798208	-5379.1190951031	-1.28439416804504	9.18514933419756
-1633.16163256434	9202.44076884982	-1.39515459481369	15.3091503726542
5946.77955120243	-3047.34337990066	-0.473546768535139	10.9452942133824
-6589.35747687357	729.779055716059	-0.1103016563968	10.8593714203369
2215.67728241747	459.436748267277	0.204459726286742	3.70648607003112
46.4090828541598	-1068.91548974735	-1.52740659642455	1.75253478547907
1398.79273282486	5859.40025237461	1.33645605810048	9.86740567409771
-153.98852620505	-2452.43932210901	1.50808870681368	4.02501069916109
-2829.75848589636	-7972.03594797673	1.22970913788784	13.8564570221732
5126.590637157	-973.864432386235	-0.187726592233541	8.54753507446579
3291.93285448403	3900.82546022855	0.869850374082121	8.3607527124947
-3250.89533308405	-1410.20817738378	0.409292829435927	5.80440102003323
-2837.59568898717	-1142.40292136048	0.382741771375406	5.01052725916563
2374.65862133607	1723.60634382012	0.62785418951007	4.80630612037007
-1017.04863432801	-731.614187391477	0.623595002296423	2.05217958337493
7745.07261861607	-2127.70740500054	-0.268103604110302	13.1564561439601
4014.09859572596	1217.0239313252	0.294378401011361	6.87065733271468
-506.968588762003	-2575.35079722162	1.37642740841142	4.29938733389516
2998.06290005113	3980.83019153739	0.925298190188353	8.16300054165292
-2558.70209127781	115.257751938783	-0.0450149671854532	4.19540817589414
2277.86228887651	-4153.33516198857	-1.0691502775897	7.75915853220247
381.751980372245	-4815.56142363872	-1.49168711279056	7.91264431308585
-4769.62322319607	-1843.94573175587	0.368903262629368	8.37617111706215
-1350.13578150395	-1799.01226257288	0.926983445292016	3.68434297834354
-4133.40794916897	-2739.35163627487	0.585275321966852	8.12242527862685
-1894.59451304936	5505.89341034038	-1.23938457645329	9.53766462113355
-6993.39395079338	-2025.8621646021	0.281964306015137	11.9261454344758
-4097.59474517519	-2901.00485911038	0.616059945650298	8.22370005068079
1471.54834725624	-7091.81465128708	-1.36620017086919	11.8638469170404
-5119.87335794645	-7253.87801743651	0.956180405546057	14.5433745675158
-7288.73488431076	-8563.50345399059	0.865641174773977	18.4200001130447
4423.5003586276	-4034.33497060735	-0.739418183677126	9.80658517580937
4070.27162368006	2807.95930184999	0.603895072248675	8.0997063546133
-574.956751490095	-6880.85758979924	1.48743110822944	11.3101346056218
-9086.05154195569	-1994.24498546379	0.216058288287794	15.2372319758754
851.217188987943	-4695.86763810223	-1.39147408262299	7.81718903236457
6179.50885142741	-3512.1476121242	-0.516825173171715	11.6426675081671
-3070.49368138866	-1844.27401637427	0.540892993181165	5.86699126128952
-1116.83563158419	-1860.82104964079	1.03024130210296	3.55486993935231
-5156.65359212092	4262.49570931164	-0.690751998034421	10.9587017745527
2101.95544053259	2514.54811138969	0.874534748814939	5.36834111719171
-1804.63485176758	-1511.22095285734	0.697139906976772	3.85557045327912
2005.25174061804	-2471.13098259058	-0.889099756223511	5.21273861166756
-2025.12598526229	214.640549079216	-0.105594513730389	3.33573949079184
-2088.55849302919	3143.97640579236	-0.984430672102231	6.18259681701198
1288.70687672409	3245.63522710017	1.19282834216762	5.72010094131548
-7384.51115410684	2862.91402778438	-0.369850991625007	12.9730641501537
67.7897029546526	-439.947519843873	-1.41791281859095	0.729139394961066
-664.882980775866	-7177.84965650216	1.47843007306942	11.8076623770848
1502.07654053722	5916.14431680235	1.32215561808704	9.99811800061235
1633.14602608889	6636.71666988044	1.32951291010532	11.1952557877932
-1920.88427251776	-1053.78832920823	0.501764205002786	3.58878130688733
4423.52915388308	-2444.43961903558	-0.504836731574644	8.27845691209145
1612.33801346027	-1834.53953974972	-0.849773670909961	4.00060538178136
-2692.4675200163	4138.757204039	-0.994034726351623	8.08759763876616
8201.28214576958	7826.14769065427	0.761996658720996	18.568727611649
-1576.32631726383	-459.881344841565	0.283863974869926	2.68966428359785
3237.99341390841	4197.58858977014	0.913743249945997	8.68362608516239
-6598.05830694141	3838.83464612906	-0.52693919148821	12.5037608869522
-10609.0974647227	5008.80428728243	-0.44109876022671	19.2171221574394
4731.20036398529	-4510.02532979284	-0.761469214428431	10.7066414746012
-1189.38221816788	-4542.65259443303	1.31471913382767	7.69169059574332
-2653.06359946972	-2086.50272454345	0.666424163932865	5.52864744140788
1178.69260636471	-381.036161001146	-0.312666533675568	2.0290766803195
871.312668937977	961.90265152706	0.834773897532441	2.12589800390373
-3071.61706802938	2968.00728627386	-0.768244841675094	6.99637625814415
-2483.86710265727	-4688.10626242527	1.08357584516851	8.69035684772201
-1276.20550415568	294.447575727604	-0.226753178639017	2.14534438188192
-7470.80215159394	-1748.02779785558	0.229846329524359	12.5676988333484
-4005.03988335699	1405.55092208455	-0.337516931145195	6.95252450545
-2416.28178027818	67.6845834762061	-0.0280045519168954	3.95942601218351
4457.22931199844	-1987.97079548955	-0.419531254182924	7.99420671193079
-3891.46997268098	-8681.31244242295	1.14939178035105	15.5833043762267
-923.856188979077	-310.814251302373	0.324536237818749	1.596623774972
23.4635116650877	1734.92042414529	1.55727289312038	2.84206237540564
10504.3128772287	-340.954376397961	-0.0324471212867131	17.2151430902301
838.34597688559	2485.37963138812	1.24547012263421	4.29641799944738
-7611.71229176282	705.278695254261	-0.0923932293618014	12.5214037303407
4841.55971239495	-1539.38073686607	-0.307843540851703	8.32169213101999
-1018.26691035285	465.399407348408	-0.428701637693236	1.83387733594444
1248.91727735847	-1192.74680958022	-0.76239722637404	2.82878629806133
3925.01918074267	1153.20691856558	0.285767569441273	6.70094073194719
-1857.47920513199	5544.32344778502	-1.24752530390601	9.57772368913037
2096.07082943547	-4614.43795732121	-1.14442048080936	8.30170363609385
-1553.8488903494	5790.67671299207	-1.30863577727424	9.82068839611045
7368.48063729745	5836.69941430191	0.669915770603341	15.3973519218806
920.933712153691	-3668.50619316844	-1.32484115253332	6.19547060917479
-3031.77448446161	-637.498216077758	0.207252985701586	5.07464975546472
1484.22780961232	71.8425158245408	0.0483662187400476	2.43401396198976
6249.88116126522	14184.4557263002	1.15577448627378	25.3895431392247
4413.05283912801	4869.60054251697	0.834541451957972	10.7645555521794
-6984.30573065722	1841.33426192506	-0.257773457783503	11.8312075257303
-3369.34878672966	3980.64018419812	-0.86837621532818	8.54245847767653
3976.72927829246	3010.52978949344	0.647989371615977	8.16994518285665
1897.46303702865	-307.257174829439	-0.160537024783093	3.14853270858096
-431.0815715407	-68.8686114203027	0.158419026279398	0.715066434103057
2008.03639853727	169.066035456291	0.0839966034845649	3.3008043613508
-1679.55941143873	6675.72625757196	-1.32431986010415	11.275620761701
1336.18343499198	-512.788636540357	-0.366438173332989	2.34431075845527
5501.86419197913	8529.18663100105	0.997899467436932	16.6253159296537
2569.24888331501	-1067.88243676682	-0.393915951928435	4.55747654953818
-1704.60286836966	1018.58063380512	-0.538614002950477	3.25265118757193
-2544.27367331464	2314.81742742942	-0.738211166395318	5.63427522509228
-4903.56077654357	-4791.25539192009	0.77381461610421	11.2296972906872
3597.99500687626	-9578.671533985	-1.21147722816681	16.7602482686818
-2954.00894221403	640.151335281976	-0.213406170574776	4.95098359547341
3808.16760477217	2735.93113380175	0.622993371359949	7.68071869963452
2412.0314564342	-1682.73180246468	-0.609140922193369	4.81736311417866
-1385.48105800344	-7262.4324494126	1.38228775058639	12.1104145240704
-2255.00079585455	-9466.83786912166	1.33695400509325	15.9405458374082
615.718574011045	1130.17073753886	1.07195314070801	2.10812481793125
-9875.55389031338	-3257.49384570444	0.318616156871832	17.0334711191317
4136.10215371211	-12335.0388909258	-1.24726489436781	21.3104280942037
-11563.3990438559	3883.96855003589	-0.324045003268669	19.9807606032287
5796.60535516457	-4374.31328249188	-0.646460035835106	11.8950107182531
3780.52644422768	378.098775201946	0.0996807338730228	6.22340154815074
3688.39333562649	-1714.27520127221	-0.435073146270634	6.6622552527404
3049.2570528852	2525.12734585422	0.691649102743649	6.48496343922124
-6292.8466898654	-2632.62729230008	0.396226593891244	11.1733620744117
4585.63868886461	2074.94821259925	0.424921335256618	8.24445330967641
-7073.83669669356	-2746.20601598752	0.370310278062541	12.4294876833456
5335.78131588441	-2790.97479611801	-0.481931000757391	9.86344996426684
-9196.31404944067	2104.90754986262	-0.225010101930867	15.4531220453808
381.999386791027	-764.372366432269	-1.10734423996873	1.39969003139243
2128.72806815468	6455.51012934547	1.25227093410795	11.1342062470853
3600.77402714209	-1528.3353658144	-0.401401601065259	6.40736801228997
2113.66769223226	2668.70356758227	0.900939963023296	5.57632388096772
-2952.85674659777	-2128.43380025603	0.624552990120557	5.96232447912436
2286.7877004328	161.937885554632	0.0706965526063454	3.75514219637759
1252.11989726177	-1880.7180069381	-0.983416860496631	3.70090673646383
1542.85772154402	5291.92784892767	1.28711041023351	9.02907605121232
3974.90832790647	-3532.44398783039	-0.726528795318926	8.71042032379473
-1232.30420354127	3752.98557715699	-1.25353471792498	6.47030849940419
9321.17183814114	-2553.51260546146	-0.267387535124162	15.8306457064896
3757.83035173103	-7044.77040762275	-1.08077054310714	13.078402394011
807.747254907202	-2636.78999924908	-1.27353564039647	4.51717884184727
-8358.08205190211	130.988961047027	-0.0156708485868478	13.6922332956497
1095.67740197103	4215.83918307507	1.31652620503544	7.13496083901679
6476.35480147083	-648.409756848566	-0.0997870217808523	10.6613154992831
3598.46105175378	3588.33673536432	0.783989426155636	8.32405977533874
-2990.1205860714	561.355721952281	-0.185576714556037	4.98338716278158
8301.64119825154	-460.278015707846	-0.0553875109467835	13.618986543439
4874.78469172345	4024.70416124454	0.690166942801989	10.3546801009443
-4870.62157926076	-6854.16836282898	0.952986835699075	13.773108162805
352.755888685171	2729.56609614403	1.44227353327305	4.50821611369182
-6752.87822788538	348.875858413013	-0.0516173916574069	11.0759774913862
-2796.51595319411	-6696.78667088967	1.17521810825527	11.8873620665122
4552.35217650118	-3292.82795672991	-0.626209092829152	9.20297868416774
2401.23735134438	-3061.39799916825	-0.905665149052239	6.37308917686216
-5201.31803122581	1390.83860149954	-0.261288019243278	8.8191050610913
-6955.23188342359	-1429.41940782409	0.202694835981176	11.6307909746322
2616.40586495062	38.0905612252307	0.0145573250062805	4.28613123372079
-1035.27720770787	-4839.84545978089	1.36006503340178	8.10701652516267
1838.55882574538	3143.68589136802	1.04159715043388	5.96535359299403
-8313.82770500953	-2008.3270745688	0.237023911247941	14.0097609562645
7774.33993809186	-1449.48524025363	-0.184328390642077	12.9538249283788
-963.950461589022	-4576.38998972263	1.36319549620884	7.66062139941957
927.485209078646	1009.4986272254	0.827713674566208	2.24550626461256
-4557.71307847724	-3577.8083372947	0.665527928459174	9.49100907516174
389.113689881473	-1216.01544430768	-1.26110177615759	2.09132658530809
5683.76256339132	1139.0453506662	0.197783415739161	9.49512423064282
-1637.65792750817	6903.90227640422	-1.33789335402526	11.622402518112
4992.34492588955	-6685.76679155898	-0.929402608369025	13.6675494137679
2982.97583469003	3519.66215166272	0.867745154656027	7.55723729371323
-1473.23486491268	3071.76586649988	-1.12359727703821	5.58031519595083
2738.88697495895	4574.06433516992	1.03126974442806	8.73280206016952
4774.46399483968	-1937.97188419993	-0.385585261357053	8.44027793224852
-2107.31446547503	4826.3254977287	-1.15911705039244	8.62625100741983
1925.15757942078	1276.07968665023	0.585351664255102	3.78325585387202
8664.87742287014	8013.36873576593	0.746354633605104	19.3321793736282
-95.5644505952178	-3921.37258769399	1.5464309964208	6.42512182637196
-517.256183834288	-4169.28441973425	1.44736349132345	6.88165145164431
3269.02617144149	11823.7710355155	1.30105548216475	20.0939539206437
-4243.19659926728	-8791.09781823836	1.12110882545565	15.9894566891166
5231.77130368872	2176.8510141432	0.394293677337019	9.2818647803448
-3148.62519140988	-2469.60198025555	0.665120782031289	6.55462161917599
2379.29892398553	3783.26939214181	1.00939727937983	7.32063792282948
651.467422914546	2593.17417979493	1.32466605651783	4.37961394540696
-1606.08571126397	-426.451615046686	0.259533720568333	2.72192912790607
7707.59353263464	4921.1392902018	0.56823366326639	14.9789504569305
-9380.36245088498	-329.200297852521	0.035080227238692	15.3745081961372
520.76166194236	1358.56936291973	1.20475473880643	2.38322394784711
-18.1441757740597	-733.738963043872	1.5460729855251	1.20223303324194
-4770.0351193888	-358.157024015874	0.0749441501399222	7.83531906877073
1323.76404539325	1346.69121883613	0.793983444884481	3.09314761464144
1571.84120112471	54.9012122396915	0.0349137703725454	2.57624848919056
-2214.23998164677	257.867979320958	-0.115936657181914	3.65144131618044
3227.53371082997	5073.6978501175	1.00423309862296	9.84974170179418
3623.7558268516	-1307.61689619488	-0.346304096767014	6.31034008218878
-2236.83414628797	-2360.10434456757	0.812207454866792	5.32628152023402
692.524004756195	-6840.94710784972	-1.46990784124679	11.2627528553746
-7134.98442366781	7705.92380483637	-0.823849851160668	17.2020795535778
58.4316391800708	-1686.93068663818	-1.53617232707909	2.7648523443685
4835.39885963891	-250.886386390228	-0.0518388700439278	7.93104529018597
2730.11526492526	4557.56531032271	1.03109086485864	8.70223436863574
-4862.31893070963	1168.3552026508	-0.235816949272399	8.19118734566407
6506.24785326308	-2891.34935847959	-0.418183726033489	11.6621992230042
1274.67969350092	-459.915707663124	-0.346271441226206	2.2196770334935
-736.145465027445	-6797.26512938299	1.46291654461248	11.1990356926809
-6762.25553592482	2097.21165384433	-0.30072876631251	11.597051210012
1628.2189563379	-1934.59886783083	-0.871180833681158	4.14183532658282
-750.18089579253	-555.045894798255	0.636994554478379	1.52857003587437
5786.92373596761	3692.03083933992	0.567889805197474	11.2438496078133
-7596.72234801279	7628.11928947548	-0.787460378407803	17.6340895265766
-2912.48066166851	-10308.9924662629	1.2954537881024	17.5471088333746
-3697.85760865672	1481.22252708002	-0.380991066028883	6.52495872222888
8571.08995507996	5793.06712696321	0.594357082554846	16.9454582437967
-7478.52942027249	-1853.38756663292	0.242933206216978	12.6204223735655
-1487.62834751779	-9276.73255463507	1.41178886013132	15.3894420748357
5328.02232044957	7697.46074886569	0.9653385206701	15.3342434574041
-459.00316968311	4268.53940681956	-1.46367627017125	7.03218208788037
-2800.00380355913	1922.13823115638	-0.601592356079879	5.56309263192686
-1985.05661769505	-679.477549917445	0.329795425105251	3.43673648082979
1329.38483252525	-4736.33589735359	-1.29715911419687	8.0579262235008
6222.18379986115	-5044.39536875481	-0.681238245751133	13.1205358441156
825.054452985443	2850.08812547697	1.28901508958578	4.86012425574853
-4086.41248314855	1050.62544745603	-0.251651791768315	6.91123745547278
-1554.26922091506	-4795.3286778744	1.25735918771248	8.25704423309191
1201.39598502269	7007.0162699449	1.400991268313	11.6449854662322
134.188898066776	-3281.76073793694	-1.52992979243184	5.3800213549681
7768.73611934207	-3722.91517075209	-0.446883900019347	14.1109214382663
-1643.39464657089	-3025.67971869355	1.07322828056697	5.63993334107404
-821.075897337612	-3825.03851262749	1.35934688425982	6.40814320097133
2198.68085384607	-4801.57890350715	-1.14138569204344	8.65034813540688
7143.37828419278	-2296.48560928983	-0.311048998169991	12.2906565755876
2239.98265962345	-2498.39860330697	-0.839880947083746	5.49634809255534
-2074.0959092365	2857.62826971203	-0.942957240496955	5.78377268947091
3059.72985074923	3061.07627492693	0.785618138369427	7.08937530304517
3783.5778777464	595.030227054395	0.155988907910276	6.27367939250148
2461.52389250324	2285.46853685379	0.748327385785828	5.50194638933831
-4451.46213953002	720.574937774092	-0.160481720528055	7.38641458655098
1179.47495423697	-2029.48656538666	-1.04433813708572	3.8449369296801
2827.82492532215	-3013.86891518434	-0.817235013044133	6.76952599696792
2736.10053991012	1383.08943873006	0.468035190308552	5.0217995588724
-3969.38969637122	-1342.71170629953	0.326183847441181	6.86377986937253
1129.57978982238	2563.35188520855	1.15573234250455	4.5883707582024
-6358.04739121394	-1796.53926271304	0.275382376971911	10.8222608254562
4825.53418489448	-1682.76780762388	-0.335535443434113	8.3710518288212
7500.95086005352	-9264.28628805275	-0.890190954315442	19.5253137343627
104.301347121908	8785.77779246777	1.55892527222349	14.392132486863
509.297496926004	-2395.40077777063	-1.36130116041909	4.01137498948453
2692.85783423665	-5119.36103794802	-1.08655440717084	9.47486480090189
1476.55395827939	3612.25589176794	1.18275915598066	6.3921120842161
6327.67688533016	-3732.94412946513	-0.532988948661133	12.0339474070565
5173.76406271763	6086.4763918485	0.866277546289791	13.0848579740709
302.930761229211	-9189.60866549359	-1.53784376957496	15.0607703338437
124.177799553037	7564.97930092722	1.55438297742164	12.3931177896976
-236.486847380272	-2931.48898899528	1.49029940687862	4.81738306860798
-815.738095738624	1806.69583207089	-1.14668883663172	3.24703757665302
2000.23281031903	-5997.38349933611	-1.24887996267265	10.3556868105678
2512.74246868243	10720.2537102807	1.34056055749848	18.035708263642
-2773.60137831355	5105.43824418902	-1.0731393272586	9.51710869212781
-2854.43055655559	-3027.41530256557	0.814799630545638	6.81554692359236
707.223639878502	-2243.9892231752	-1.26548671028976	3.85388505699428
2169.1808992557	3506.65277439939	1.01681961901195	6.75404297700079
-821.439884340109	-11801.5747011832	1.50130414544616	19.3777690704862
-2582.74775875164	1999.12483426604	-0.658703912396588	5.34979612390489
-3307.72645893836	-4093.42456437095	0.89116095226322	8.62049294039543
14240.7919658793	-2856.90558453481	-0.19798610050136	23.7912092098273
533.167254491083	-4706.6754916765	-1.4579982171233	7.75884937659001
2043.04758255661	-4247.8778154864	-1.12249865274016	7.72096868622436
96.2638686730199	6017.42869196646	1.55480018244453	9.85781921990754
3708.95910977153	-1252.99485457094	-0.325791402389135	6.41259833955581
-2800.02406840486	-4627.77303560621	1.02667344553185	8.85982019629177
7005.80005484529	8714.63439877884	0.893674504762114	18.3153259259452
-1047.27686097223	2378.32836785314	-1.15600331559739	4.25667263760432
6753.44470480776	-1848.44404373175	-0.267160823006268	11.4690250823438
3559.88065308878	3995.45866579009	0.842986098919823	8.76544253099365
2844.24698606558	1789.67055827184	0.561631560772469	5.50443172490979
2091.36836103822	119.102558883623	0.0568881365358101	3.43121545665763
-3294.29438172278	4656.46781323651	-0.955076932758351	9.34308265459216
-11280.9019335093	905.279578940609	-0.0800772634371135	18.5375388537951
3079.72238938724	6824.12542980453	1.14686250517068	12.2635223317567
-5712.84078202176	-2394.11445344882	0.396842283855582	10.1461388579948
1579.29002642375	-4107.98744869378	-1.20377203387356	7.20901583035664
1110.14637153172	2066.64645651935	1.07785452267144	3.84265986725487
3884.71128326893	2021.23695478333	0.479759799793511	7.17294749484831
2441.18695334776	1265.86023158777	0.478371668820974	4.50429479583645
-5268.04454762512	-296.431921979833	0.056210544333884	8.64271587520635
301.299817702634	7668.10040030867	1.53152390136151	12.5700533139281
-1204.54166218526	-2732.01842722819	1.15553729367638	4.89070240743917
3361.60240949649	-7572.15531549292	-1.15299113118294	13.570515559422
6592.73439674818	6712.52244449808	0.794400981821652	15.4113327158846
-1263.33368257661	-1695.52995891668	0.930440758724246	3.4634473992296
-8943.08175317513	-5202.33111189741	0.526866663963967	16.9470217625923
-816.03318633036	-4901.65364951407	1.40582810791194	8.13942094506297
906.62095120624	1845.69894741393	1.11420752007629	3.36830101654359
75.3542347241159	-3413.09697945641	-1.54872194822075	5.59202082257606
3963.77942099642	2182.12920500677	0.503240295167421	7.41152485209046
-4744.61400242325	-2624.42731336842	0.50524939472512	8.88138033635322
485.51430899202	291.891287156809	0.541301514076399	0.927931423318614
-5598.78888569243	3618.51349916857	-0.573771813289632	10.9194743571695
-1492.97931541805	-3540.7373275391	1.17176000234661	6.29423481865061
-282.328237618021	-194.610296710961	0.603512064111071	0.561675517880073
-298.374919478794	218.151248764482	-0.631315385708854	0.605435097692629
-1607.2685764107	3488.28069074935	-1.13902851921331	6.29116628299446
-5484.47544558209	-3768.24656691081	0.60199876904147	10.8996859432831
531.343415717193	-236.48719003745	-0.418749997600564	0.952652538122653
-4748.36548838989	2518.25187968259	-0.487624593055632	8.80394526853215
4074.1972839375	-2060.00236175154	-0.468134810315279	7.47809968389515
-7.44688703310044	3434.82323513822	-1.56862827480054	5.62625930837106
941.401471866104	-1795.42123854062	-1.08787109693998	3.3206515838707
-980.069424866629	4911.78159885592	-1.37384849331914	8.20410491209525
-9025.64974268305	4930.13520403982	-0.499948824719908	16.8458403979758
-1156.80814859739	1568.00259580193	-0.935175548239464	3.19172394348989
6840.28133041369	-6551.55626985313	-0.763841723855945	15.5145941692262
3152.08528619504	7652.38930750351	1.18006621986426	13.5563517038225
-1289.65563279728	2572.33851650599	-1.10606503954473	4.7133869545306
484.298952451177	-7727.22659380867	-1.50820384085377	12.6820446877659
-5231.86395836759	162.945234655017	-0.0311347124320656	8.5739570676657
2553.48492227894	-1226.94285346085	-0.447924151464442	4.64039648905792
3949.6539431917	-1932.25594118663	-0.454987752446459	7.20225041616649
1137.99956663512	-2010.80602427072	-1.05579602416882	3.78459343756234
1424.86448577065	4144.17971488684	1.23963492633417	7.17819794926048
-5780.40495439911	2155.7376738979	-0.35696242611166	10.1053266735703
3230.64340171046	-6804.10448161505	-1.12750463749001	12.3376317360784
-11232.2337227894	-1196.32646232997	0.106108305422643	18.5024789965639
-3018.64050821372	-4725.7024814653	1.00235567988036	9.18515234545627
2241.6851555691	-41.9321583505482	-0.018703460015915	3.67252629848405
2997.70435676942	-1715.39529368441	-0.519754816532887	5.65734854971823
3744.14555836069	-3866.85097212583	-0.801518888668995	8.81652192874032
6725.79496305349	2042.79733621961	0.294871428502491	11.5138045518842
-968.057796008129	-2420.06394615357	1.19027847328345	4.26945225919142
7221.02139970307	-8447.77369298364	-0.863531478958115	18.2037947344438
-2923.8660086981	4666.16377534628	-1.01103992310903	9.01973552703561
3702.44621284418	1363.82149308786	0.352933873384821	6.46297350393657
259.450482263423	-5930.26802065349	-1.52707399674255	9.72308077671924
1964.27426929937	4423.74494547532	1.15291835928631	7.92831588583279
481.01371744682	4770.90938573391	1.47031365287809	7.85437594169146
14114.6898387447	3230.82130375816	0.2250213032485	23.7178268124145
-3543.33313958223	3995.32671990729	-0.845283228279876	8.74727310957568
-2563.00383652111	-2034.48957413752	0.670943529993606	5.36008011417818
-1104.88157781326	11740.165087233	-1.47696145790946	19.3153830728231
2257.24320690144	-3543.37308886167	-1.00359130248726	6.88168131860864
616.017421085815	2223.67848251251	1.30054725910732	3.77957065952908
-2940.09082316408	2852.47851706957	-0.77027436927128	6.70996484671748
-2592.60483001815	-5278.07867063104	1.11421154737208	9.63218980397083
2833.68803258903	-10598.2647943108	-1.30953477154338	17.9697816479609
1854.44960425422	6120.26195508326	1.27658798511161	10.4750927995944
-759.894445670672	-1820.96539031844	1.17546306978122	3.23203687793902
-274.584910573351	2912.37638301337	-1.4767921249734	4.79163302721076
365.612830016616	-7511.90257305872	-1.52216356851159	12.3190740473715
150.232210688527	9220.89221358576	1.55450517878496	15.1058410618206
5393.22863882304	-5964.73961506431	-0.835673825138675	13.1719200580553
6223.3711036868	3916.9922573552	0.561757391120094	12.0449575021748
1534.39841672138	-3542.82310005492	-1.16208454816218	6.32403859445189
2537.92415634271	5217.23258367012	1.11804714750796	9.50331437070049
430.347643348026	2353.60952531624	1.38994826178624	3.91913137131611
348.813791023523	-8730.36650336939	-1.53086348304814	14.311764115179
7251.56687115866	9516.28616549681	0.919648924840162	19.5975738003579
4661.72051409633	1760.50911239557	0.361093876420336	8.16228403119975
-6474.3535125832	1586.9091499713	-0.240368179764472	10.9189162228457
1183.34793312488	-2554.66072020243	-1.13701028674416	4.61166662962658
-3986.31989971302	1242.79608489222	-0.302215362451302	6.8395715967758
2811.39519170337	-1302.86407813049	-0.433959929530708	5.07553190248613
2741.75642618265	3091.07568795184	0.845215165755223	6.76793599475092
1088.5260075022	2017.43995269419	1.07600528344828	3.75490317638848
-4416.22678965217	-880.565492602168	0.196812008743183	7.37618430349145
2579.2266961647	-2239.10643563648	-0.714926276168961	5.59468277174515
3812.08547902044	-503.05854509428	-0.131206004994315	6.29833752012319
3104.79766197545	-2967.58761061193	-0.762806265701703	7.03508731887246
-2004.72002568295	-2832.58061728593	0.95489708693202	5.68422332691948
2219.75964350255	2640.38894220642	0.871729634766021	5.65027154785065
7064.52452155399	2534.66233976607	0.344481682936313	12.2939656036144
1997.3579253063	4882.43280294505	1.18247777506162	8.6407635296081
-969.946807219071	3790.63724748434	-1.32029160774683	6.40911497793662
-1703.9192272927	2956.03406124167	-1.04789500757348	5.58879776412787
7648.03259584167	3864.72544055961	0.467896796668532	14.0361071756647
-32.4236864639404	3176.99911784479	-1.56059092238396	5.20420076608876
1304.02291877567	-7012.50288072658	-1.38693953742155	11.6834044973763
-1743.52450938406	4752.51648167308	-1.21917809697498	8.29196013090385
-4062.09494003227	-1200.43739080798	0.287343258003317	6.93818229257289
938.083044177705	-2807.37849888093	-1.24831174761152	4.84842227026283
6069.15277382229	5218.3738339156	0.710167042693485	13.1107723008367
1119.27699363297	4698.11564766589	1.33691657328976	7.91089872541821
-2072.81390303937	521.40284042772	-0.246430829887286	3.50104157195127
-2768.96932937113	-2085.43707533005	0.645511256916992	5.67804211648864
-333.186194677487	-4329.37017283383	1.49398821971607	7.11248512313969
5475.2909412877	-7488.75627433606	-0.939478619410386	15.1955251153706
-1817.78479122579	9281.13155275027	-1.3773865167924	15.4913518402653
-7505.31197690644	1573.42497492061	-0.206648826122078	12.5609602138467
8700.64182238561	-5611.57027455025	-0.572824350110386	16.9587277519353
-3754.8619027374	-1515.86585767965	0.383698393755341	6.63276139134449
-3210.08583096886	10176.7570345968	-1.26524156306438	17.4791764020022
-7347.07579198876	-7912.38116511202	0.822427461013437	17.6862689947735
5926.60906798632	-3512.43724336571	-0.535001603256854	11.2846200069753
-786.334115231254	581.844090553141	-0.637034866408914	1.60228369650389
1537.41741535339	1983.87159352187	0.911512419074401	4.11115530967154
-6708.46343884626	-2234.48305663084	0.321526301388318	11.5820032481742
-832.943919072473	6783.14455478763	-1.4486118792111	11.1942577442031
1330.73997501919	440.367540813627	0.319576353105237	2.29600416880305
6415.95093454416	2987.56060165014	0.435788528495518	11.592833755839
-4843.95798346379	-1376.67503889413	0.276903336393659	8.24862937113726
2882.25684031164	-4512.69362384328	-1.00240601839779	8.77085383032697
4788.38163967342	379.735403826864	0.0791378727022898	7.86800198614597
-76.4989537471009	1645.26292446469	-1.52433329908735	2.69785492343205
-6955.00055741099	-7854.70184798699	0.846074393075191	17.1848445076124
557.961109732143	6903.23527762222	1.49014561696663	11.3443856860516
-2249.05911469295	2249.30926687564	-0.785453772934332	5.21019949516877
3629.89941177228	1311.91718362007	0.346811834723093	6.32219754198322
3324.69366601008	-5038.57553371151	-0.987529250901894	9.88800028007418
-2231.64069785465	-313.831123160976	0.139711796384022	3.69139948043646
1566.10159264489	-34.0776699587282	-0.0217561193362847	2.56588420343098
1306.75138154598	-1327.36740912298	-0.793224540371332	3.05104063069724
-4796.60495637151	228.513618347742	-0.0476047067737949	7.86575781440029
-16.491144575395	700.421138152947	-1.54725606307588	1.14760892721216
532.727040132125	-1382.23274876678	-1.20293000955706	2.42643584009289
-9315.57511264285	47.9120847445465	-0.00514317814017315	15.2591291123799
7907.91188995219	-4743.96698725949	-0.540346957447264	15.1052078720556
-1613.44393802341	385.347442043402	-0.234443467018807	2.71715491305767
751.859978980876	-2588.88180174452	-1.28815262520473	4.41580525419058
2478.71515200121	-3686.01690452348	-0.978790639953742	7.27588996191289
-3179.99913863828	2420.212157984	-0.650550379091327	6.54582456337681
5301.13077621947	-2017.40304424145	-0.363637035410809	9.29079128715789
-4444.44872909455	8617.86832469491	-1.09464813206605	15.8827702686953
3612.60212716682	-11772.6897293685	-1.27305521458143	20.1711849609461
-594.21315366457	4207.6282373571	-1.43050126713211	6.96049029639284
-112.640828075527	3839.69074443268	-1.54146882635081	6.29212547059644
8889.25461309521	-7850.1959773655	-0.723405255501704	19.4256514405811
1901.21852881771	-1218.60820090023	-0.569995121364822	3.69899717197525
-1983.16242072172	-4847.2079960917	1.1824398433166	8.57855698852911
4736.94370330882	2075.05250941451	0.412878066448972	8.47093597312484
2811.4179778508	-4503.99461839188	-1.01276857884667	8.69685374787546
-1409.78104875375	-3057.49120160896	1.13875766603377	5.51491946895876
3081.18087263457	-3345.20137114622	-0.826458917889211	7.44958531017481
4776.01359009132	6838.411494694	0.961138409630317	13.6627578863882
-1501.8636900639	-6931.05078546267	1.35740893996844	11.6165454245651
5659.92139574219	-895.966362766279	-0.156997396574795	9.38640198081836
251.706007702408	1317.01327661606	1.3819547758146	2.19631520643666
-4692.39031686385	3509.94264311182	-0.642224619458324	9.59849731937298
948.172789583947	-936.682990037609	-0.779302388136695	2.18315981329245
-1075.39014064329	4592.12961160933	-1.34076051430305	7.72541698354718
7659.45611220427	1645.22998563461	0.211582344535827	12.8323655255943
-8431.86368157361	1785.47909562474	-0.20867131542152	14.1176605251816
1918.89195989059	-3066.40972884092	-1.01163769656893	5.92517857489508
-1182.40189327551	4843.60089152004	-1.33136289053837	8.16680477755476
2550.59223672744	22.9693112978757	0.00900523810520181	4.17804366828015
-7038.73880566038	1259.42125501507	-0.177053533478803	11.7125691537802
-5101.08982759135	-1487.33537958927	0.283706937418277	8.70352196717629
2394.77660810712	3169.75144931681	0.923778598342964	6.50727549330776
4442.93911418772	3426.75372862875	0.656982301660056	9.19068532627414
-3023.18092390892	6576.88480727869	-1.13993195999587	11.856579182703
-6709.97628826926	-599.347216723019	0.089085391219253	11.0347100715873
488.736825762278	-2725.20504872238	-1.39334326381103	4.5351074926087
-4934.69008526633	6689.00493996321	-0.935193363869198	13.6155237750265
5105.21857164569	-3967.4875244443	-0.660647855161453	10.5906925958885
8290.92670563318	645.825136312436	0.0777384327278127	13.6216905357842
-2980.7542867021	-676.229188775249	0.223088982883148	5.00654926898631
3732.30090182074	-3501.59521785628	-0.753516655919443	8.38286272353149
6423.42426791812	814.35355642785	0.126105972131222	10.6057982747096
1100.61255816407	-4162.09089516517	-1.3122763391392	7.05184885852079
-8353.33281542198	-262.586265049346	0.0314245619374298	13.689531505574
841.850611548633	2728.21151856159	1.27149367303617	4.67673149001497
3659.30490653889	7132.20965301201	1.09674945933541	13.1304940186971
9234.35547578853	2702.23464201811	0.284680210763268	15.7602141422614
-1188.4278325906	-3824.01872122754	1.26947936818062	6.55926704468582
3860.27165631433	3595.01621315559	0.749833661571739	8.6404918403429
1625.22514843083	-5273.47095672715	-1.27184382600823	9.03886835133813
1158.81876522231	1928.70822072724	1.02976942069128	3.68560426883664
2227.94802726585	-111.386465051896	-0.0499534992695406	3.65394050414625
-3038.98719283315	2024.53839007012	-0.587671508105043	5.98133043517631
2181.02927689419	-2639.06433855067	-0.880139850665838	5.60798496711057
3517.71268132362	1588.60932097381	0.424186116400504	6.3223430296041
2201.97435652784	-6396.26792882538	-1.2392448934237	11.0805616400794
240.686175190685	823.408112411242	1.28641417950758	1.40518274412459
-9166.23481621703	-2281.42067410945	0.243937433466691	15.4723748912547
5253.92037089877	2979.35158651173	0.515855831941251	9.89334211001897
-7153.25081302663	2566.39610162146	-0.344469283569402	12.4483152347452
4637.84279245193	-1947.15197657093	-0.397491986332344	8.23916233756971
-6348.13286815274	2488.80331386792	-0.373636631012295	11.1688331531393
3170.92835338626	-2422.62504851551	-0.652408190733636	6.53640623290879
3643.46688542346	1854.19543767177	0.470749893280343	6.69638061872167
3740.54245601723	-230.43563775305	-0.0615271151394591	6.1386301608738
5534.49825742435	4550.22310659031	0.688105685536974	11.7360504112707
-11546.5094094162	-4089.27496042271	0.340373182155043	20.0642864615149
3789.78705531099	12492.398844341	1.27625300839328	21.383452020928
-9972.80336303197	2950.02930561222	-0.287605972965342	17.0351760710835
692.442143225701	-1096.93841879028	-1.00771540104232	2.12482972602999
-2465.57232272805	9415.48400503467	-1.31468348562649	15.9425939518404
-1507.37475232487	7119.23545297005	-1.36214522268269	11.919846310382
2419.01506745381	1602.64191159042	0.585125202446883	4.75305486338934
3856.17257000498	-2718.48240266065	-0.614053133363659	7.72821141155532
-2954.43020173104	-706.909722948749	0.234855651624933	4.97596190610585
3330.32070354073	9617.10965188024	1.23742934979384	16.6706271050018
-5048.89765499793	4494.01014210914	-0.727316976059959	11.0716667065631
-2442.5102208005	-2538.58902140816	0.804684446028727	5.77039182259787
-1600.49703806358	-1173.28021171894	0.632579134583	3.2505882397794
2621.61601493525	987.961822790961	0.360393547236865	4.58901852885278
5724.01720848123	-8484.02878630457	-0.977265503544	16.7639778953774
1280.95184005948	489.458333001755	0.36498527170191	2.24615783373746
-1519.78242626482	-6757.66157772395	1.34957927408757	11.3455386944768
2012.63536887393	-120.439056599758	-0.0597701910744192	3.30259749961317
-432.994027473116	19.7149456801615	-0.045500255070591	0.709979725466339
1896.04130150552	279.586067264073	0.146402759927791	3.1393022463806
3999.28723032649	-2996.61437757101	-0.643044704121649	8.18574763521039
-3332.26799798051	-4121.36212201495	0.890872377284381	8.68135239441284
-6875.45178574021	-2075.01240832033	0.293107492637272	11.7637160616469
4633.62251487635	-4836.02364751695	-0.80676858383123	10.9706475576575
6597.38804885098	-13973.8955111865	-1.12969853142205	25.3120433307069
1419.73437403669	99.0128006483787	0.0696276330223846	2.33117572609618
-3059.60953883992	630.545356820573	-0.203241411032935	5.11696557800623
873.795220263518	3675.21640674357	1.33737666383969	6.18781731066507
7487.19733985855	-5678.27312853774	-0.648853998857945	15.3920661339571
-1468.37108636362	-5752.52798493066	1.32087636988139	9.72477749431193
1943.74664633475	4707.32815918876	1.17920247279316	8.34209154444543
-1733.02392661744	-5572.96337553534	1.2693060248108	9.55971389886551
3934.04810780831	-977.336100435566	-0.243500597736342	6.63985342658044
1159.85575032626	1277.10775899668	0.83347506565006	2.82585884924446
-1039.28042232001	-452.473160397349	0.410622569716755	1.85668461608812
4727.49992300617	1683.16441623168	0.342042747944363	8.21981439061911
-7628.23752039186	-890.493789788623	0.116210527150419	12.5799151625745
970.33622849506	-2424.56480421872	-1.19010852012027	4.27768350111535
10449.2969586189	655.028524297496	0.0626044554205818	17.1495618509882
-69.6845054294724	-1672.53917215101	1.52915650920137	2.74199870084191
-1037.97657424747	391.764132333148	-0.360899911949026	1.817277375055
-4156.79675978544	8615.37145938727	-1.12125777005419	15.668715163843
4337.15571465066	2049.40598542581	0.441425416839332	7.85745554281534
-2537.09353888781	-165.85443684961	0.0652789422059915	4.16463368250323
-4061.06274309106	-1505.71137004979	0.355055110945061	7.09453233999526
-7532.00822066938	1568.53371720503	-0.205314630903007	12.6021256654685
-1250.6854167131	-315.904392790576	0.2474101332452	2.1129647167688
-2598.14950972143	4596.59945904136	-1.05633321600955	8.64875838502297
-2964.65481328317	-3083.27550414695	0.805009084413709	7.00631453468021
923.54251881162	-925.407986135429	-0.786407096132985	2.14153334244098
1148.42042842275	435.815830069404	0.362702627020698	2.01201343912655
-2725.02630761842	2037.30623876691	-0.6419813632319	5.57315105405556
-1290.45196993953	4484.03647296862	-1.29058049543197	7.64296713792481
4548.89007681915	4509.23195010606	0.781020007174496	10.4915985216076
-10529.3584429035	-5391.36588005162	0.473226617496519	19.3765427148384
-6391.63114773422	-4045.21601857664	0.564254767020123	12.3901286510739
3443.39221703235	-4114.6670166056	-0.87398149241807	8.78852138889037
-1508.65277531643	399.632009763518	-0.258946027679951	2.55640525311053
8413.71236899984	-7614.9987940151	-0.735609164835501	18.5881622810842
-2612.61656625823	-4111.67428196918	1.00474311599168	7.97954489733334
1587.00896234437	1960.327033902	0.89025120296386	4.13136340821804
4328.82807008175	2572.50432726746	0.536197604589682	8.24820128007037
-1985.67847747463	963.186248125889	-0.451629652415592	3.61499456623778
1780.80181610524	-6599.78197792178	-1.30724539934196	11.1970774310888
1596.0413684469	-5759.56342930371	-1.30046811553167	9.78970407545488
-909.124265537319	7236.68372714745	-1.44582383580767	11.9468723025909
-19.5512969347824	416.238999387448	-1.52385950141823	0.682551878048431
-7330.13116647909	-3051.98377367459	0.394530994148878	13.0059215470773
1386.14740229181	-3173.03449519315	-1.15892966170225	5.67173353671911
-2021.38602774029	-3114.23356876387	0.995068284279418	6.08147726469352
-2002.36312223668	-162.207780091436	0.0808316677575057	3.2906182747671
1941.29148388978	2592.90471107807	0.928131759023682	5.30565076586192
-1856.65494041578	1489.11541494326	-0.675984881280305	3.89852383168865
2128.10726998228	-2431.00689275094	-0.851738930039051	5.29219927766043
-5076.20103946321	-4285.86108521402	0.701178421880294	10.8821045620241
-1147.07184923938	1968.82550892541	-1.04325626950426	3.73236122611253
-3068.07003215924	1882.22871646232	-0.550279243070141	5.89585911575522
6093.64461144135	3767.82332550348	0.553781409564359	11.735341220782
633.942826609172	4778.76788308977	1.43890817702578	7.89620533925922
-9152.0212374431	1825.21115323622	-0.196849898495998	15.2862406477557
-672.098967790153	6886.99895656892	-1.47351484683232	11.334506394564
4157.19240195224	-2663.69143040365	-0.569840027780917	8.08739994119711
4220.59244230064	4253.47009116096	0.789277941693249	9.81508956629885
-7591.47841859875	8431.29907660162	-0.837764418804322	18.5837294651216
-5281.9996984311	7107.58290410933	-0.93169370043121	14.5050807582207
1290.74537157934	7053.81377048116	1.38981313236321	11.7460036812996
-4207.38854585995	2695.24717864274	-0.569737729525566	8.18451506691343
-7013.73306712677	1743.71695025829	-0.243674401186318	11.8382312213548
-1698.03055728306	-5582.23502755801	1.27550478199952	9.55737892057351
-4142.27006377355	2661.11877408709	-0.571035219925766	8.06455171207427
-1328.7412665111	1763.82058442303	-0.925166588357713	3.61720922265652
-4721.7277731799	1728.86331789396	-0.350989785177317	8.2363441961637
380.178143724869	4805.36358000869	1.49184540164519	7.89578884278445
2244.79661789657	4130.98980393782	1.07303128012567	7.70107974599107
-2475.52920245091	-275.207477358271	0.110716547067665	4.07990138430897
3181.63166007315	-3931.575922639	-0.890439944322163	8.28447877670125
-493.19038996706	2555.42622089617	-1.38014309909494	4.26303573919978
4127.62164144691	-1131.05739327571	-0.267456351894016	7.01029323198702
7679.34692589574	2308.48848941094	0.292016334702383	13.1348417371482
-1076.01497578287	666.39325441298	-0.554501474723878	2.07314859892492
2386.18517437446	-1679.02236204097	-0.613166711461169	4.77920369177265
-2889.89901471283	1070.7585335395	-0.354835141802641	5.04813932157322
-3232.05523914905	1300.0677332619	-0.382437472422553	5.70635132448567
3451.36706293068	-3806.46719880859	-0.834285639095894	8.41638446327633
5074.11299367149	1170.34470891883	0.226685745193241	8.529621939746
-3061.02934518157	7888.81227287139	-1.20065863780354	13.8605584528696
-195.7363081469	2341.66988193288	-1.48740184806292	3.84903567409831
1551.88072454502	-5868.10465540896	-1.31225494903858	9.94241169500652
15.4816557451662	1079.78197773809	1.55645954832169	1.76886643435454
2193.39481683858	-411.576832807606	-0.185486816129306	3.65548840873521
-6546.68983543271	-886.091711440022	0.134532033740145	10.8212674124673
5899.25073171125	3165.55109082801	0.492498858895963	10.966280029388
-1422.32134096151	-9203.92936335959	1.41747498561071	15.2550033923872
1431.66030288811	5494.54996323661	1.31590373667524	9.30058001086313
-1798.56032396805	-6772.14264017521	1.31120670696187	11.4773239126665
-1849.57455016244	15928.1077438537	-1.45519389369037	26.2655767749191
3994.45943482943	-701.41244191874	-0.173824223902159	6.64303788913398
-3857.53584268462	8985.01652130367	-1.16526397670147	16.0165325137821
-5447.49507629775	3056.6443898886	-0.511332987838148	10.2317136785488
-10.2188294354038	575.243136955316	-1.55303382941832	0.942397862910866
-521.652268488501	1990.51430046495	-1.31449117205776	3.37057128637904
1628.63228807351	1754.02040830333	0.822449185046661	3.92062141099454
-162.107990150771	-5415.4415368228	1.54087086363135	8.87447550564852
313.826150073472	6606.26063385075	1.5233276573197	10.8332686120869
-524.965720369031	-3837.11588644344	1.4348278923912	6.3437516061358
468.917263071899	-1280.49626447555	-1.21976327917533	2.23366859750069
5943.31214506451	-4191.9668707084	-0.614290882607886	11.9130751621833
-3056.65609459809	-794.697706369403	0.254357983337132	5.17325701698015
7690.94494156992	-1150.58185188098	-0.148500823598211	12.7379745494185
-701.634620876509	523.31312521579	-0.640838845984142	1.43374066131241
-1681.83247115257	-717.137439039122	0.403057911526848	2.99483261032618
3674.6021594448	6864.17760234457	1.07928556889057	12.7532534578717
1236.67913178679	-862.292815517732	-0.608887893344199	2.46948734884137
431.034241004217	423.371233012481	0.776429584936014	0.989648162383754
3692.43489425485	-1559.448339494	-0.399612089200134	6.56549687607577
2794.93089467529	-3704.71869768151	-0.924469487490929	7.60155941452447
124.277533958768	-997.744303860148	-1.44687606345041	1.64693599555857
-351.879581051717	3221.5074163149	-1.46199939846729	5.3082195394057
-5206.01857949717	-1525.88193391631	0.285114186154314	8.88620721482375
585.855740304896	9048.79883291723	1.50614253030168	14.852980068483
-1076.22382356591	4590.88960779447	-1.34052840883937	7.72375093462569
-3252.37903346781	-3963.97396997365	0.883689067652917	8.39882189453133
380.479647523137	-932.769508406949	-1.1834954858964	1.65009761325218
-4284.54957895821	-1770.35421360883	0.391829321580097	7.59360301798856
3256.78512494968	6942.68073876299	1.13217597383241	12.5611835509654
-5833.60150409924	863.25092651474	-0.146912904594208	9.65950393779945
-5744.71075738758	-1251.3432812733	0.2144750467724	9.63049710500899
840.019518278268	-2031.44080068228	-1.17869858131493	3.60076744835348
3129.73930212594	-1216.31695461662	-0.370668157937113	5.50005121450536
1336.50704254598	2404.97835964241	1.06356820964602	4.50678878425905
1183.27501271809	169.142452447823	0.141982495759404	1.95790804109357
4399.05015382847	-2328.37749170897	-0.4868048710828	8.15273813003694
-6029.66389947984	3223.85644292189	-0.490994316530191	11.1996793884109
-2065.73158566565	2382.40797070832	-0.856471245409036	5.16506221204811
-4671.35811089268	-4382.5893359614	0.753514731294235	10.4919951788376
-1411.69645384884	571.735562392508	-0.384808362858436	2.49480524662531
-3059.71729812882	-3711.36110185188	0.881341974725618	7.87878297036766
-4772.36315449804	-4919.44890291787	0.800573288220007	11.2267570677512
1996.55288161697	980.322804923031	0.456427911884526	3.64331341510599
2949.72798489423	1028.94889774691	0.335630698001916	5.11718397353212
6421.16239289686	1514.25026131004	0.231590636688367	10.8063774109892
-6045.55598905981	671.826800229427	-0.110673292045065	9.96358824599189
3515.78990533292	278.393281539465	0.0790188323829581	5.77689563986797
-4376.25118402083	379.742536454962	-0.0865566658951672	7.19524336838973
-799.222137025877	111.319605207423	-0.138394555797583	1.32176489592561
-4101.90855638038	2396.56470905243	-0.528762590763939	7.78165881560156
-857.903450857465	570.006797535681	-0.586444462849274	1.68714652180794
3172.11690562759	465.366763072668	0.145666323836796	5.25154971051058
-1149.89908210164	1770.83264921593	-0.994874648177839	3.45851785673711
3638.74744471134	2089.05861689265	0.52116874416877	6.87270994544618
-7048.22476737422	-3418.92326820962	0.451637124415885	12.8315771527786
-3259.15278417051	2634.71881035531	-0.679845602824749	6.86473570739785
540.705433061589	4836.9888782979	1.4594729469374	7.97234492547289
-3730.61225867611	4164.99611127292	-0.840358638859373	9.15885513325505
2041.84250493861	303.14937917148	0.147391853473188	3.38120214992843
3081.18103056971	-120.346714475119	-0.0390387873540616	5.05082788509924
3453.35056296245	3797.80524379636	0.832865897416947	8.40806436828169
-6846.31858253858	2072.11607253708	-0.293896614417176	11.7166639761046
3108.60111060144	-3681.90014202928	-0.869625037915499	7.89302486721147
-2919.899895753	2690.70713684768	-0.744570958909141	6.50386084185838
16.792656767054	3768.1599074969	1.56633989553588	6.17231339102226
-3016.47043066226	-1571.49794717009	0.480284443516739	5.57130077103382
175.796370762685	3206.46200273252	1.51602550827207	5.26007774308664
-4191.34073484722	2557.54696952138	-0.547884172505095	8.04263535715996
5530.451062233	14028.5197819667	1.19527472121235	24.6999163475
740.33805859606	4678.49467890019	1.4138548794471	7.75873723055803
-7345.68722247488	-9900.90851040744	0.932486167967554	20.1937841776534
1071.38606495039	3075.12663758168	1.23554414390024	5.33402147533875
-648.47992106722	-6401.51576703704	1.46983972638297	10.5393575141606
10630.060598352	7002.65978119312	0.582508833810046	20.8506370169739
-8552.36016665584	3213.36208133033	-0.359408856317074	14.9649680174774
5513.85638248511	463.610394362719	0.0838836665978099	9.06357487667256
-1506.66472630835	1419.00346345838	-0.75544430736967	3.39015273360982
2058.72720972234	-3194.64196775944	-0.998345815095799	6.22528874863917
6969.22021376952	636.196407296978	0.0910342876752968	11.463059905198
-196.802442502496	6903.63508527973	-1.54229697024846	11.3127594538845
-1462.71206008763	383.469653198766	-0.256393458290222	2.47689221975593
-2143.70282788492	1562.64596393837	-0.629890546024179	4.34528345395901
2729.06001359768	3454.33796171547	0.902159048200595	7.21096977796333
875.09383960993	1645.92237982757	1.08213189913274	3.05339046107415
-722.239356614411	-6947.84994411199	1.46721685759348	11.4419131966056
-1059.03856413189	4726.52604877118	-1.35037412320566	7.93401921962279
5054.0928138472	5258.59331837761	0.805225558809073	11.9469351361426
2042.39366096851	-137.512431424099	-0.0672275902939597	3.35301837404396
-1856.22460574932	425.479505429737	-0.225325250563553	3.11935150274893
-7850.03384210591	-222.057097640418	0.0282798650516859	12.8635117506303
3455.70459326765	5226.4701750455	0.986592884076976	10.2630815416179
4732.09575185593	4653.75237404844	0.777051388829062	10.8714628207202
-10232.9416450931	-6477.39347746203	0.56432736409232	19.8373915090694
4698.33411864396	-53.0624971368893	-0.0112934158985301	7.69636977928415
11618.4329449462	2503.92293967824	0.212266409725397	19.467951925993
-1319.82185108449	-1516.39204327368	0.854594762168379	3.29290258250025
2912.48004356759	3373.51194112044	0.858609822275179	7.30025609781859
3017.3412176713	-2975.22088580501	-0.778369510622938	6.94100895933585
4790.93574411817	6848.00958061722	0.96033217872265	13.689647126
4449.35838265542	7111.44664417747	1.01172146665726	13.740623862905
-7689.02966694378	271.739888992036	-0.0353265432388039	12.6025061124355
2916.68097258925	171.676293877173	0.0587923218433256	4.78579697085457
-2630.73302539556	1566.30971262401	-0.53702221924612	5.01508980496729
-1598.20085163594	6566.04523602725	-1.33203535166967	11.0692068952198
3284.8667755275	-863.578826285205	-0.257078906203527	5.56344986630636
1306.92440600122	-3322.8256699044	-1.1960642479807	5.84865724454455
664.26402008756	1361.19709933226	1.11679481839985	2.48096652625317
-3680.41829016968	1568.52257646893	-0.402870132449811	6.5531820942793
-3489.24215730811	-7565.52343497874	1.13866513201505	13.646820277271
2037.1688163795	321.551428877779	0.156550723556883	3.37819803766245
1512.72224929192	-1758.02259800398	-0.860256334429461	3.79895348379827
1539.04194068156	2393.373965823	0.9993274774657	4.66093906782001
-4513.59560587316	3346.73090472785	-0.638024547582009	9.20393004401054
2345.36032386773	5131.00311118392	1.14205716632689	9.24098741036394
-5178.49476773267	2830.02571492829	-0.500148876940525	9.66641011145892
9612.13719482883	-5802.7773270407	-0.543130318632191	18.3912943558277
5691.65195987535	107.886466297065	0.0189529417185876	9.3246099482964
-1200.52460684378	4951.45050888889	-1.33292740577303	8.34547310611105
110.497205162969	-588.811212315225	-1.3852923501217	0.981309646680676
2836.42357762987	5802.24206291343	1.11610878094017	10.5789181077685
3129.71175122008	2715.57862682121	0.714667326819383	6.78723188162249
-3560.8607871739	3301.38875530165	-0.747604655654911	7.9538258306751
1244.16405044984	-3236.4566663061	-1.20379126234474	5.67954385566532
734.756208916976	361.468248536307	0.457192299078012	1.3412883019404
2302.45953669141	1996.75505925713	0.714410592890282	4.99210410717268
-1502.54345093377	2311.15285397836	-0.9943316557196	4.51538090870428
-3878.11117225567	-5573.59114569727	0.962893939636885	11.1220992139331
-4712.74934091467	5853.6632651387	-0.89295697864072	12.3095991987436
2687.6344720895	4943.86110583754	1.07285635306016	9.21732815608865
-1754.9508599516	-4094.0969161017	1.16583481689075	7.29627822353382
-222.524465140111	-6134.10237239348	1.53453561330936	10.0542788901603
-1492.31085410535	-353.192388750826	0.232398527014024	2.51193655500182
1830.6795916683	-6967.07398615112	-1.31384326469403	11.7994693452346
2608.84438012385	46.0290710975635	0.0176416409419808	4.27395643706307
-8899.97879974354	-6339.1964250123	0.618914118828226	17.8981219728953
2390.02919591023	3730.97896268011	1.00106442667796	7.25774174898067
-2031.71962899437	3374.37470812082	-1.02883226509647	6.45179076922634
-4356.97990994264	6275.29720317919	-0.963901703509222	12.5135851992103
935.254067544268	-2686.27161383334	-1.23576106660421	4.65917331982581
-4904.16901794676	-3497.07108258429	0.619451495611134	9.86620749467252
3447.26370573211	-4122.5019417906	-0.874364693318276	8.80243385340021
1382.46868366527	-1323.60536495788	-0.763649299058584	3.13503022231044
-1471.9610543741	6495.27389744255	-1.34794017597815	10.9090481572127
516.780038005242	2365.40371006105	1.35570170431409	3.96592512767169
3218.80929640552	4614.97195212544	0.961769666943153	9.21639047411922
3493.43605263662	-6206.67316493532	-1.0581397997729	11.6663080118342
-5366.42059613896	-2287.0482150751	0.402867656714517	9.5551895146999
2104.3808705352	-398.438768805145	-0.187122706807476	3.50822030860824
-485.859018491012	570.641306780648	-0.865474802432642	1.22761692098722
6735.79678387121	5912.2589350694	0.720378131144074	14.6805309937675
-539.120553725355	-982.166329070863	1.06879063956921	1.83522106253414
4623.9285344357	416.229532044584	0.0897744706076556	7.60462651214905
-6919.49606678725	-1786.68846661648	0.25269140086777	11.7058892298144
2875.23842393368	4835.55731778003	1.03435442459008	9.21506742089612
-3092.80407041894	-3868.18379658223	0.896330195268957	8.11237288911295
2017.11597122021	1610.63300547493	0.673815316038915	4.22810567517336
4987.73998097999	-664.812865026494	-0.132508365243746	8.24218046943828
2716.92566936721	-2050.7285311338	-0.646564404657664	5.57574713403415
4136.2020597056	990.75085129611	0.235101987862291	6.96675713341191
6305.45928473851	954.609527642169	0.150253121066454	10.4460459348126
-6373.1044898714	4645.25273572572	-0.629849219795366	12.9178871898126
-2078.50036842032	-788.076145190306	0.362409408124036	3.64109298088378
2587.25831980024	-1965.79365483691	-0.649742384055503	5.32243429200114
-517.526414379734	-1765.1535291643	1.28559834076151	3.01303291840917
-254.24996723987	-2761.65451970271	1.47899075568892	4.54272482452917
-4568.40660470407	167.802374478502	-0.0367145452175644	7.48810375872812
8222.88161298693	-888.357213533972	-0.107617390171242	13.5474678840155
2633.14301775373	-2487.62141359894	-0.756987864183696	5.93347920185164
4457.26600350972	2686.84392878434	0.542476436034187	8.52490560665857
-369.51247682636	5354.06721931609	-1.50189030516134	8.7908322297662
-3072.43428161662	-1837.677884742	0.539034440695625	5.86416309047009
2439.56482369704	-5289.02407887676	-1.13862599754121	9.54060409546147
4556.11367285429	-712.607199153044	-0.155149809756612	7.55365317970018
-480.769625252225	-2387.48211187375	1.37208286008034	3.98920166791271
2317.93179467653	2807.84261328654	0.880686621796856	5.96394303245274
6353.79198044093	-4258.93688443108	-0.590512698918159	12.5292902702013
453.017938445181	-3520.3406577991	-1.44281387467212	5.8138729976427
-3126.85761713389	6700.5484300948	-1.13417713090032	12.1117553722424
1922.02032853629	1624.39410053777	0.701671222987569	4.12204612118082
-983.639108463562	2699.47990854467	-1.22136783521139	4.70615221588174
2809.77236485742	-389.511815109025	-0.137749606171483	4.64642492388365
-4315.88747990606	-252.936267699148	0.058538894260101	7.0815608509154
3496.88862492593	-403.668890379974	-0.114927894567105	5.76594692687738
1488.14790858331	5929.85492974631	1.32491568459742	10.0143090207408
9646.81272469505	-1884.10994462738	-0.192881000593752	16.1000535047718
-5371.32678033063	533.065275986825	-0.0989188504210281	8.84146339385283
5246.94514105743	-9833.27189789919	-1.08063843579942	18.2564574271688
-3648.04913023523	-1482.36239802474	0.385963238341675	6.44999637269566
3537.3024510337	1177.88320349991	0.321440723581621	6.10689485416499
-3623.22568101492	3537.05476467811	-0.773364171533565	8.29393855954795
496.146757347814	-319.661367387707	-0.572349219314038	0.966760992705288
4071.28950208085	-4994.18250490332	-0.886851726437911	10.5542811384606
-5068.55750174614	-3913.09510697997	0.657453932442041	10.4886590653295
2559.38624276453	3357.87471272121	0.919530168394507	6.91573923311246
-906.268071246973	-4301.96000088315	1.36316826993253	7.20128221688197
-933.833129491001	499.224685442322	-0.490940879968183	1.73448023634768
3754.21259561556	-4357.01540179914	-0.859578879772975	9.4206735290463
-1992.6123139457	-1165.11787268068	0.529107538025202	3.78091211070713
-84.5090533134251	1570.95505807607	-1.51705343024349	2.57694756014869
6662.50282892235	-7866.15149633122	-0.868055934630176	16.8853487088435
-5524.51987253502	2006.55980298058	-0.34839421318877	9.62757699378173
2293.49209865743	-3950.9778853471	-1.0448480471668	7.48305630959983
-7826.9587360629	8933.39609760787	-0.85131766674015	19.4548019650409
1277.17745997441	-1599.93168275911	-0.897111154881921	3.35329127493581
-4520.30698049033	2142.99238134538	-0.442698379332807	8.19419901694553
-3736.14760372821	3837.80475408998	-0.798819299649313	8.7732603636123
6534.005787696	-1936.88724621792	-0.288180031182592	11.1630459183227
-215.29890300078	-76.6130728862256	0.341872570088554	0.37432255011548
338.733062747715	5707.86596866831	1.51152089004938	9.36594297182571
1451.25392032679	-5737.31462464931	-1.32304309558645	9.69372040923093
-2915.99226319823	5957.55063843851	-1.11561492506566	10.8647082359833
-3258.84865197082	-685.985815073884	0.207470490767605	5.45498102628993
713.910095338908	3097.17933612864	1.34424996673029	5.20621433216678
3095.70032933772	4893.39705194557	1.00673045412869	9.48467946225902
-9152.75796921211	-4644.34059666787	0.469570157347525	16.8119047730032
774.953541363739	-1753.56999735653	-1.15467443213249	3.1403361091386
-8926.15145087224	-5901.38732453462	0.58416290730289	17.5275782631112
7.61481163604156	28.4880033595559	1.30960377932657	0.0483016574779112
-1829.73014207086	-4711.82666662277	1.20039308983272	8.27948225338811
3967.52354058037	-2470.75672311358	-0.556976330341096	7.65595058731722
2223.6999740652	-2664.00203314426	-0.875239319343498	5.68406592421057
-892.015780425189	-2001.56174114377	1.15155749757589	3.58940750657075
-2697.14221713201	-1680.70085982558	0.557261646087288	5.20547836723986
-3426.63485046804	8246.38018240835	-1.17697241293826	14.6273282607559
-1658.99363344388	-6588.05966801819	1.32410710632798	11.1281436109831
-117.058834545967	-2618.6396646533	1.52612391261471	4.29361957400811
-3961.56559220631	-3671.49835955904	0.747415025052098	8.84731708815131
-492.251642890346	4744.57217610612	-1.46741572273616	7.8133325113533
-6542.93106149746	5310.21792280908	-0.68177190156924	13.8028598005932
-6506.55077177413	2093.75137925943	-0.311327000680082	11.1959536167553
-1509.90099194032	-2086.89264877269	0.94446129449922	4.21922067286549
-34.1523471929363	-5815.22354659353	1.5649234735373	9.52550996354382
604.421245436493	2651.8205311769	1.34669776677773	4.45508658004758
-6217.17174645615	-4316.24579680606	0.606853682386349	12.3973246964025
-642.285867145608	2329.7645827804	-1.30179150632613	3.95852306157916
-5387.79724886308	-1929.37290665843	0.343872997845294	9.37401289944721
-4686.28747157649	5469.24030602813	-0.862342179979271	11.7974649942727
3129.31703998474	932.587630428174	0.28963593652309	5.34860706392425
-6611.03316046698	-7872.54371819614	0.872278285889977	16.8389997354883
3733.61404527045	548.004520023736	0.145735301037818	6.18119029118744
-3734.50570454265	105.778981194458	-0.0283171896428301	6.1195798302441
-131.537403358459	-2034.47435829328	1.50623194524622	3.33943022038081
3854.31502308386	-2752.99884383694	-0.62023517243007	7.7584491705914
3237.34614098848	-3884.11360213773	-0.875969200009494	8.28232143696834
-3312.03378941752	725.974711947776	-0.215780456178871	5.55391433174258
3377.68374943287	-212.284040861765	-0.0627664429461883	5.54356772246561
-1447.7137060518	8869.84857478361	-1.40900554907862	14.7210779267136
-8024.58015822914	-754.859125752747	0.0937923618810537	13.2023032635597
5505.68512808873	-2125.56251738328	-0.368437639869657	9.66706668647348
3585.03867982754	-368.79938301992	-0.10251120319234	5.90328957429122
1471.7088349871	-2660.22238114208	-1.06547837704949	4.97982401687015
-1837.03106005871	270.390561882028	-0.146139568089183	3.04148022621794
-8001.47290834135	3465.27854536034	-0.408694595067334	14.2827472549684
10575.5214743458	995.609999715119	0.0938662193290683	17.3993167677932
1624.65623737242	-2246.49332937988	-0.944671250128925	4.54120708754559
3298.2176863652	-3374.48208181931	-0.796826981953106	7.72910633843641
-1691.30872115738	809.382983319687	-0.446344291461281	3.07125350977905
6796.93713839234	-3641.80829771019	-0.49187684630653	12.6308006898416
5994.12753725062	144.096995567746	0.0240350653329597	9.8212273725979
-1314.51856172951	-1640.15448167867	0.895165644233286	3.44294765736505
2563.82268436706	1573.31735075057	0.550403662884979	4.92723151515339
-1643.84944353557	833.698426896111	-0.469360999932133	3.01912365996855
60.8727698328532	2888.46461819719	1.54972500745012	4.73236032221775
3368.02728223777	-5868.55608061433	-1.04978105044079	11.0833003625924
45.9249452961145	529.965418687631	1.48435577162361	0.871337501088815
5628.64524507491	-7537.93816431132	-0.929404874509143	15.4095964182872
-30.3853783659866	2706.51232973418	-1.55957003326019	4.43355100591945
5095.36801163916	-408.134141892983	-0.0799284059765764	8.37295242651915
-1091.38561245173	692.244919574758	-0.565245316359198	2.11697094893566
-2332.05375072022	-1215.70050416918	0.480542345197013	4.30778935272037
-1373.12437832675	5267.29900384581	-1.31578345386285	8.91619366716865
-4559.83600149622	-2570.90711800922	0.513388360391525	8.57438203838602
5254.52648734067	-3766.84475553906	-0.621962678489102	10.5900534113559
325.416884016649	-2813.49235536268	-1.45564503194529	4.63922878579653
-7654.62220924717	1415.47730652171	-0.182852463091201	12.7508529871393
-780.744802767347	1609.30989949126	-1.11910512086573	2.92989037497301
-5128.87523381635	-601.63193224099	0.116769269377454	8.45870804432695
6231.42002750857	117.938675735737	0.0189241931929058	10.2089041899363
-233.669524110836	-1669.26020796571	1.43171619343051	2.76091047677752
-5282.92723276529	-5660.04337990772	0.819846484220333	12.6821330045471
-5932.08558146379	4863.87721978203	-0.686774006943284	12.5653988247808
114.906898209056	1965.81353777542	1.51241016963842	3.22550201006836
-74.2975545310915	-3358.31283678533	1.54867645884384	5.50226797107244
-6157.8358282496	-6936.44587565685	0.844790068989726	15.1931361378755
1432.08979616847	-4033.34079616105	-1.22961824261032	7.01070808378239
3277.64941646439	-6183.83730204994	-1.08341052261991	11.4640023366083
6368.0150648059	1677.42120617146	0.257562760711669	10.7866304132164
-1150.94035134969	3273.21908903394	-1.23267602405743	5.6833291533351
3357.09648957222	-2886.83192577117	-0.710224592102103	7.2524629711094
-5594.89210025345	27.498695083948	-0.0049149247504531	9.16455311613108
-4674.70325550586	2436.07918366156	-0.480400133661474	8.63451124014724
-189.291209026482	967.491720632256	-1.37758548937881	1.61479996295896
-1129.32226124151	-2422.99198513404	1.13464622711745	4.37878584672159
921.897219155273	7349.27346408974	1.44600754146032	12.1324642786622
8141.1448263649	-3778.18992585788	-0.434505761902713	14.7012776123326
-490.671914933241	-958.028911285656	1.09746163539108	1.76310034739934
-6777.06615408328	-4320.77721352858	0.567579332567356	13.1650647197925
5628.09881870399	352.09995335307	0.0624796543837419	9.23685821465617
597.055037413734	-412.733876726451	-0.604851502579098	1.18890484086302
-1061.74800822321	-7615.04843089558	1.43226181549287	12.5941206365228
-1048.29661287153	688.137304440509	-0.580884798096234	2.054016655498
3013.1758159217	1651.68402502185	0.501424742158674	5.62845789154738
-827.064487056952	6639.66883653219	-1.44687053216768	10.9598392065812
2513.27316348387	-11257.088380713	-1.35113733637347	18.8930960908063
1175.81359192977	959.465996744201	0.684422256997772	2.48583281950113
-4570.78626709472	7052.62992248705	-0.995760257765809	13.7662003948644
-7360.8753360946	-4147.88100187286	0.513151640976906	13.8396504680012
-4312.67665164805	2841.35049967384	-0.582562387202314	8.45952167342656
5131.51424437149	-364.066431704221	-0.0708284942080175	8.42655655316843
-6337.60327495078	-1280.32611847143	0.199337642225498	10.5907225304627
-8165.5002725608	3412.83861538932	-0.395891178411815	14.4963480073723
5034.33641845522	5992.27353249739	0.872055625274307	12.8195878219861
-2198.86522374456	-923.684399814389	0.39769023253526	3.90662571409443
18429.9954306955	5490.67361829618	0.289547914300158	31.4995946778812
